function [KNOTEN,ELEMENTE,RB] = bsp03c
% GEKELER: FINITE ELEMENTE ------------------------
% Plattenbeispiele

% Schwarz: beisp610.dat
% Rechteck in schraeger Lage
KNOTEN = [...
1 0 0    ;
2 0 1    ;
3 0 2    ;
4 0 3    ;
5 0 4    ;
6 2 0.25 ;
7 2 1.25 ;
8 2 2.25 ;
9 2 3.25 ;
10 2 4.25;
11 4 0.5 ;
12 4 1.5 ;
13 4 2.5 ;
14 4 3.5 ;
15 4 4.5 ;
16 6 0.75;
17 6 1.75;
18 6 2.75;
19 6 3.75;
20 6 4.75;
21 8 1   ;
22 8 2   ;
23 8 3   ;
24 8 4   ;
25 8 5   ];
KNOTEN = KNOTEN(:,2:3)'; 
ELEMENTE = [...
0.25 0 1 6 7 2      ;
0.25 0 2 7 8 3      ;
0.25 0 3 8 9 4      ;
0.25 0 4 9 10 5     ;
0.25 0 6 11 12 7    ;
0.25 50.0 7 12 13 8 ;
0.25 50.0 8 13 14 9 ;
0.25 0 9 14 15 10   ;
0.25 0 11 16 17 12  ;
0.25 0 12 17 18 13  ;
0.25 0 13 18 19 14  ;
0.25 0 14 19 20 15  ;
0.25 0 16 21 22 17  ;
0.25 0 17 22 23 18  ;
0.25 0 18 23 24 19  ;
0.25 0 19 24 25 20  ];
ELEMENTE = ELEMENTE(:,[3,4,5,1,2])';
RB = [...
1 1 1 1;
2 1 1 1;
3 1 1 1;
4 1 1 1;
5 1 1 1;
21 1 0 1;
22 1 0 1;
23 1 0 1;
24 1 0 1;
25 1 0 1];
