function [p,e,t,q] = bsp100
% zwei Quadratenund zwei Dreiecke
%-- Knoten 
p = [0, 0;
     1, 0;
     1, 1;
     0, 1;
     1, 2;
     0, 2;
     2, 0.5;
     2, 1.5;
     -1, 2;
     -1, 1;
     -1, 0];
p = p';

t = [2,7,3; 3, 8, 5];
t = t';

q = [1, 2, 3, 4;
     3, 5, 6, 4;
     4, 6, 9,10;
     1, 4, 10,11];
q = q';

e = [1, 2, 7, 3, 8, 5, 6,  9,  10,  11;
     2, 7, 3, 8, 5, 6, 9, 10,  11,   1;
     0, 0, 0, 0, 0, 0, 0,  0,   0,   0;
     1, 1, 1, 1, 1, 1, 1,  1,   1,   1;
     1, 2, 3 ,4, 5, 6, 7,  8,   9,  10];
