function [p,e,t] = bsp03;
% Benhard cell, geometry data
% geometry adapted to that in bsp03g.m 
% which must be chosen in that form for initmesh.m

p1 = [0  1  1  0  2  2  3  3  4  4  5  5  6  6;
      0  0  1  1  0  1  0  1  0  1  0  1  0  1];
p2 = [7  7  8  8  9  9 10 10 11 11 12  12;
      0  1  0  1  0  1  0  1  0  1  0   1];
p = [p1,p2];

t1 = [...
     1  2  3  2  6  5  8     7    10     9    12    11    14    13;
     2  3  2  5  5  7  7     9     9    11    11    13    13    15;
     4  4  6  6  8  8 10    10    12    12    14    14    16    16;
     1  1  2  2  3  3  4     4     5     5     6     6     7     7];
t2 = [... 
    16    15    18    17    20    19    22    21    24    23;
    15    17    17    19    19    21    21    23    23    25;
    18    18    20    20    22    22    24    24    26    26;
     8     8     9     9    10    10    11    11    12    12];
t = [t1,t2];
e1 = [...
     1     2     3     4     2     5     6     5     7     8     7     9    10     9;
     2     3     4     1     5     6     3     7     8     6     9    10     8    11;
     0     0     0     0     0     0     0     0     0     0     0     0     0     0;
     1     1     1     1     1     1     1     1     1     1     1     1     1     1;
     1     2     3     4     5     6     7     8     9    10    11    12    13    14;
     1     1     1     1     2     2     2     3     3     3     4     4     4     5;
     0     2     0     0     0     3     0     0     4     0     0     5     0     0;
    28    31    30    27    32    35    34    36    39    38    40    43    42    44];
e2 = [... 
    11    12    11    13    14    13    15    16    15    17    18    17    19    20;
    12    10    13    14    12    15    16    14    17    18    16    19    20    18;
     0     0     0     0     0     0     0     0     0     0     0     0     0     0;
     1     1     1     1     1     1     1     1     1     1     1     1     1     1;
    15    16    17    18    19    20    21    22    23    24    25    26    27    28;
     5     5     6     6     6     7     7     7     8     8     8     9     9     9;
     6     0     0     7     0     0     8     0     0     9     0     0    10     0;
    47    46    48    51    50    52    55    54    56    59    58    60    63    62];
e3 = [... 
    19    21    22    21    23    24    23    25    26;
    21    22    20    23    24    22    25    26    24;
     0     0     0     0     0     0     0     0     0;
     1     1     1     1     1     1     1     1     1;
    29    30    31    32    33    34    35    36    37;
    10    10    10    11    11    11    12    12    12;
     0    11     0     0    12     0     0     0     0;
    64    67    66    68    71    70    72    75    74];
e = [e1,e2,e3,e3]; 