function test02
% Nebenrechnung zu Par. 08087
B = [1, 0, 0; -1, 1, 0; -1, 0,1];
A1 = [0, 0, 0; 0, 1, 0; 0, 0, 0];
A2 = 0.5*[0, 0, 0; 0, 0, 1; 0, 1, 0];
A3 = [0, 0, 0; 0, 0, 0; 0, 0, 1];
A4 = [12, 4, 4; 4, 2, 1;4, 1, 2];
C1 = B'*A1*B
C2 = B'*A2*B
C3 = B'*A3*B
C4 = B'*A4*B;
X = rand(3,1);
Y = rand(3,1);
X21 = X(2) - X(1);
X31 = X(3) - X(1);
X32 = X(3) - X(2);
Y21 = Y(2) - Y(1);
Y31 = Y(3) - Y(1);
Y32 = Y(3) - Y(2);
K1 = [X32^2+Y32^2,       -Y32*Y31-X32*X31, X32*X21+Y32*Y21;
      -Y32*Y31-X32*X31, X31^2+Y31^2,        -Y31*Y21-X31*X21;
      X32*X21+Y32*Y21,  -Y31*Y21-X31*X21, X21^2+Y21^2]
a = Y31^2; c = X31^2; d = - Y31*Y21; g = - X21*X31;
h = Y21^2; k = X21^2;
K2 = (a+c)*C1 + 2*(d+g)*C2 + (h+k)*C3
DIFF  = K1 - K2
