P = [0.1000         0    0.2000    0.7000         0         0         0         0         0         0
          0    0.5000         0         0    0.4000         0         0         0    0.1000         0
     0.3000         0    0.3000    0.4000         0         0         0         0         0         0
     0.6000         0    0.1000    0.3000         0         0         0         0         0         0
          0    0.4000         0         0    0.1000         0         0         0    0.5000         0
     0.2000    0.2000         0         0         0    0.2000    0.2000    0.2000         0         0
          0         0    0.1000    0.1000    0.1000    0.2000    0.2000    0.1000    0.1000    0.1000
     0.1000    0.1000    0.1000    0.1000    0.1000    0.1000    0.1000    0.1000    0.1000    0.1000
          0    0.3000         0         0    0.3000         0         0         0    0.4000         0
     0.4000         0         0         0         0    0.6000         0         0         0         0];
 