T = 24;
C = 10;
e_c = [...
    15
     3
    19
    16
     5
     4
    17
    12
     8
    14
];
t = 1:24';
p_mu = .2*sin(2*pi*(t-10)/24) + 1;
p_var = .23*sin(2*pi*(t+2)/24) + .25;