a = ...
[22 , 4 , 68 , 68 , 94 , 38 , 52 , 83 , 3 , 5 , 53 , 67 , 0 , 38 , 6 , 42 , 69 , 59 , 93 , 85 , 53 , 9 , 66 , 42 , 70 , 91 , 76 , 26 , 4 , 74 , 33 , 63 , 76 , 100 , 36 , 24 , 99 , 72 , 76 , 65 , 7 , 63 , 89 , 27 , 44 , 77 , 48 , 24 , 27 , 36 , 16 , 49 , 90 , 91 , 6 , 91 , 50 , 52 , 32 , 99 , 49 , 26 , 9 , 95 , 7 , 50 , 38 , 27 , 92 , 53 , 46 , 95 , 5 , 76 , 77 , 83 , 12 , 1 , 69 , 87 , 63 , 74 , 73 , 100 , 89 , 23 , 30 , 35 , 51 , 59 , 85 , 41 , 84 , 27 , 41 , 54 , 47 , 29 , 18 , 15];
b = ...
[28 , 5 , 73 , 76 , 103 , 47 , 55 , 85 , 6 , 10 , 61 , 70 , 4 , 45 , 13 , 46 , 71 , 68 , 103 , 87 , 58 , 15 , 71 , 52 , 72 , 98 , 83 , 35 , 9 , 77 , 43 , 65 , 81 , 109 , 38 , 28 , 101 , 77 , 81 , 75 , 10 , 73 , 98 , 33 , 53 , 82 , 55 , 33 , 35 , 46 , 19 , 55 , 95 , 100 , 14 , 99 , 58 , 53 , 38 , 100 , 54 , 33 , 19 , 104 , 9 , 60 , 43 , 33 , 97 , 62 , 49 , 97 , 12 , 77 , 85 , 88 , 19 , 10 , 78 , 88 , 70 , 77 , 77 , 110 , 92 , 26 , 38 , 38 , 52 , 69 , 94 , 45 , 86 , 29 , 44 , 56 , 54 , 37 , 26 , 22];
w = ...
[9 , 1 , 10 , 9 , 10 , 5 , 5 , 1 , 1 , 1 , 13 , 1 , 8 , 3 , 6 , 4 , 3 , 10 , 11 , 7 , 1 , 3 , 5 , 6 , 1 , 3 , 8 , 6 , 4 , 1 , 9 , 7 , 1 , 5 , 1 , 1 , 5 , 3 , 8 , 12 , 5 , 7 , 9 , 7 , 12 , 10 , 6 , 11 , 13 , 14 , 3 , 2 , 6 , 8 , 12 , 11 , 11 , 5 , 6 , 3 , 7 , 4 , 14 , 9 , 1 , 7 , 3 , 10 , 5 , 8 , 8 , 3 , 2 , 4 , 6 , 7 , 4 , 11 , 5 , 4 , 4 , 1 , 9 , 9 , 5 , 6 , 7 , 1 , 1 , 7 , 5 , 5 , 6 , 7 , 1 , 1 , 9 , 10 , 10 , 2];
n = 100;
