n = 15;
v = [3  4 5 7  1 9 6 9 4 5 1 2 7 4 9];
w = [2 10 6 8 10 3 5 5 8 9 2 2 4 1 6];
W = 25;