P=[0.4000    0.3000         0    0.3000         0         0
         0    0.4000         0    0.3000    0.3000         0
    0.3000         0    0.1000         0    0.3000    0.3000
    0.3000         0         0    0.4000         0    0.3000
         0    0.3000    0.3000    0.3000    0.1000         0
         0         0    0.3000         0    0.3000    0.4000];
