		*** ECHO OF THE INPUT DATA STARTS ***

Example 5.3.2: Cantilever beam (Timoshenko RIE element) TITLE
   2  0  0                     MODEL, NTYPE, ITEM
   1  2                        IELEM, NEM
   1  1                       ICONT, NPRNT
   0.0      1.5      1.5       DX(I)
   4.689E9  0.0                AX0=GAK(G=80GPa,B=1,H=0.0703385),AX1     
   5.8E6    0.0                BX0=EI, BX1     See Eq. (5.2.33)
   0.0      0.0                CX0, CX1        for the data
   2.4E4   -0.8E04   0.0       FX0, FX1, FX2  

   2                           NSPV
   1    1   0.0                ISPV(1,1), ISPV(1,2), VSPV(1)
   1    2   0.0                ISPV(2,1), ISPV(2,2), VSPV(2)

   1                           NSSV
   3    1   6.0E4              ISSV(1,1), ISSV(1,2), VSSV(1)=q0
   0                           NNBC
   0                           NMPC


		*** ECHO OF THE INPUT DATA ENDS ***

______________________________________________________________________________

               OUTPUT from program   FEM1D   by J N REDDY 
______________________________________________________________________________

	 ANALYSIS OF MODEL 2, AND TYPE 0 PROBLEM 
	  (**********see the code below**********)

	model=1:ntype=0: A problem described by model EQ. 1
	model=1:ntype=1: A circular disk (PLANE STRESS) 
	model=1:ntype>1: A circular disk (PLANE STRAIN) 
	model=2,ntype=0: A Timoshenko BEAM (RIE) problem
	model=2,ntype=1: A Timoshenko PLATE (RIE) problem
	model=2,ntype=2: A Timoshenko BEAM (CIE) problem
	model=2,ntype>2: A Timoshenko PLATE (CIE) problem
	model=3,ntype=0: A Euler-Bernoulli BEAM problem
	model=3,ntype>0: A Euler-Bernoulli circular PLATE 
	model=4,ntype=0: A plane TRUSS problem
	model=4,ntype=1: A Euler-bernoulli FRAME problem
	model=4,ntype=2: A Timoshenko (CIE) FRAME problem

Element coefficient matrix, [ELK]:
	 3.12600e+009	-2.34450e+009	-3.12600e+009	-2.34450e+009
	-2.34450e+009	 1.76224e+009	 2.34450e+009	 1.75451e+009
	-3.12600e+009	 2.34450e+009	 3.12600e+009	 2.34450e+009
	-2.34450e+009	 1.75451e+009	 2.34450e+009	 1.76224e+009

Element source vector, {ELF}:
	 1.50000e+004	 0.00000e+000	 1.20000e+004	 0.00000e+000

Element coefficient matrix, [ELK]:
	 3.12600e+009	-2.34450e+009	-3.12600e+009	-2.34450e+009
	-2.34450e+009	 1.76224e+009	 2.34450e+009	 1.75451e+009
	-3.12600e+009	 2.34450e+009	 3.12600e+009	 2.34450e+009
	-2.34450e+009	 1.75451e+009	 2.34450e+009	 1.76224e+009

Element source vector, {ELF}:
	 6.00000e+003	 0.00000e+000	 3.00000e+003	 0.00000e+000

SOLUTION (values of pvs) at the NODES:
 0.00000e+000  0.00000e+000  3.01391e-002 -4.01509e-002  9.95504e-002 -5.23707e-002 
______________________________________________________________________________

______________________________________________________________________________

x is the Global coord. if icont=1 and it is the local coord. if icont=0
	 x 			Deflect. 		 rotation 		 B. Moment 		 Shear Force 
______________________________________________________________________________

______________________________________________________________________________

	 0.00000e+000	 0.00000e+000	 0.00000e+000	-1.55250e+005	 9.42147e+007	
	 1.87500e-001	 3.76738e-003	-5.01886e-003	-1.55250e+005	 7.06813e+007	
	 3.75000e-001	 7.53476e-003	-1.00377e-002	-1.55250e+005	 4.71478e+007	
	 5.62500e-001	 1.13021e-002	-1.50566e-002	-1.55250e+005	 2.36144e+007	
	 7.50000e-001	 1.50695e-002	-2.00754e-002	-1.55250e+005	 8.10000e+004	
	 9.37500e-001	 1.88369e-002	-2.50943e-002	-1.55250e+005	-2.34524e+007	
	 1.12500e+000	 2.26043e-002	-3.01131e-002	-1.55250e+005	-4.69858e+007	
	 1.31250e+000	 2.63717e-002	-3.51320e-002	-1.55250e+005	-7.05193e+007	
	 1.50000e+000	 3.01391e-002	-4.01509e-002	-1.55250e+005	-9.40527e+007	
	 1.50000e+000	 3.01391e-002	-4.01509e-002	-4.72500e+004	 2.87124e+007	
	 1.68750e+000	 3.88155e-002	-4.16783e-002	-4.72500e+004	 2.15500e+007	
	 1.87500e+000	 4.74919e-002	-4.32058e-002	-4.72500e+004	 1.43877e+007	
	 2.06250e+000	 5.61683e-002	-4.47333e-002	-4.72500e+004	 7.22535e+006	
	 2.25000e+000	 6.48447e-002	-4.62608e-002	-4.72500e+004	 6.30000e+004	
	 2.43750e+000	 7.35211e-002	-4.77883e-002	-4.72500e+004	-7.09935e+006	
	 2.62500e+000	 8.21975e-002	-4.93157e-002	-4.72500e+004	-1.42617e+007	
	 2.81250e+000	 9.08740e-002	-5.08432e-002	-4.72500e+004	-2.14240e+007	
	 3.00000e+000	 9.95504e-002	-5.23707e-002	-4.72500e+004	-2.85864e+007	
______________________________________________________________________________

