		*** ECHO OF THE INPUT DATA STARTS ***

Example 5.2.1: Cantilever beam (E-B element) TITLE
   3  0  0                                   MODEL, NTYPE, ITEM
   0  2                                      IELEM, NEM
   1  1                                      ICONT, NPRNT
   0.0      1.5       1.5                    DX(I)
   0.0      0.0                              AX0, AX1     
   5.8E6    0.0                              BX0, BX1     See Eq. (5.2.33)
   0.0      0.0                              CX0, CX1     
   2.4E4   -0.8E04    0.0                    FX0, FX1, FX2  

   2                                         NSPV
   1    1   0.0                              ISPV(1,1), ISPV(1,2), VSPV(1)
   1    2   0.0                              ISPV(2,1), ISPV(2,2), VSPV(2)

   1                                         NSSV
   3    1   6.0E4                            ISSV(1,1), ISSV(1,2), VSSV(1)
   0                                         NNBC
   0                                         NMPC


		*** ECHO OF THE INPUT DATA ENDS ***

______________________________________________________________________________

               OUTPUT from program   FEM1D   by J N REDDY 
______________________________________________________________________________

	 ANALYSIS OF MODEL 3, AND TYPE 0 PROBLEM 
	  (**********see the code below**********)

	model=1:ntype=0: A problem described by model EQ. 1
	model=1:ntype=1: A circular disk (PLANE STRESS) 
	model=1:ntype>1: A circular disk (PLANE STRAIN) 
	model=2,ntype=0: A Timoshenko BEAM (RIE) problem
	model=2,ntype=1: A Timoshenko PLATE (RIE) problem
	model=2,ntype=2: A Timoshenko BEAM (CIE) problem
	model=2,ntype>2: A Timoshenko PLATE (CIE) problem
	model=3,ntype=0: A Euler-Bernoulli BEAM problem
	model=3,ntype>0: A Euler-Bernoulli circular PLATE 
	model=4,ntype=0: A plane TRUSS problem
	model=4,ntype=1: A Euler-bernoulli FRAME problem
	model=4,ntype=2: A Timoshenko (CIE) FRAME problem

Element coefficient matrix, [ELK]:
	 2.06222e+007	-1.54667e+007	-2.06222e+007	-1.54667e+007
	-1.54667e+007	 1.54667e+007	 1.54667e+007	 7.73333e+006
	-2.06222e+007	 1.54667e+007	 2.06222e+007	 1.54667e+007
	-1.54667e+007	 7.73333e+006	 1.54667e+007	 1.54667e+007

Element source vector, {ELF}:
	 1.53000e+004	-3.60000e+003	 1.17000e+004	 3.15000e+003

Element coefficient matrix, [ELK]:
	 2.06222e+007	-1.54667e+007	-2.06222e+007	-1.54667e+007
	-1.54667e+007	 1.54667e+007	 1.54667e+007	 7.73333e+006
	-2.06222e+007	 1.54667e+007	 2.06222e+007	 1.54667e+007
	-1.54667e+007	 7.73333e+006	 1.54667e+007	 1.54667e+007

Element source vector, {ELF}:
	 6.30000e+003	-1.35000e+003	 2.70000e+003	 9.00000e+002

SOLUTION (values of pvs) at the NODES:
 0.00000e+000  0.00000e+000  3.33718e-002 -3.92780e-002  1.04276e-001 -5.12069e-002 
______________________________________________________________________________

______________________________________________________________________________

x is the Global coord. if icont=1 and it is the local coord. if icont=0
	 x 			Deflect. 		 rotation 		 B. Moment 		 Shear Force 
______________________________________________________________________________

______________________________________________________________________________

 0.00000e+000	 0.00000e+000	-0.00000e+000	-2.12400e+005	 8.07000e+004
 1.87500e-001	 6.28437e-004	-6.62180e-003	-1.97269e+005	 8.07000e+004
 3.75000e-001	 2.45260e-003	-1.27544e-002	-1.82137e+005	 8.07000e+004
 5.62500e-001	 5.38078e-003	-1.83979e-002	-1.67006e+005	 8.07000e+004
 7.50000e-001	 9.32126e-003	-2.35523e-002	-1.51875e+005	 8.07000e+004
 9.37500e-001	 1.41823e-002	-2.82174e-002	-1.36744e+005	 8.07000e+004
 1.12500e+000	 1.98722e-002	-3.23935e-002	-1.21613e+005	 8.07000e+004
 1.31250e+000	 2.62993e-002	-3.60803e-002	-1.06481e+005	 8.07000e+004
 1.50000e+000	 3.33718e-002	-3.92780e-002	-9.13500e+004	 8.07000e+004
 1.50000e+000	 3.33718e-002	-3.92780e-002	-9.31500e+004	 6.27000e+004
 1.68750e+000	 4.10068e-002	-4.20993e-002	-8.13937e+004	 6.27000e+004
 1.87500e+000	 4.91353e-002	-4.45405e-002	-6.96375e+004	 6.27000e+004
 2.06250e+000	 5.76858e-002	-4.66017e-002	-5.78812e+004	 6.27000e+004
 2.25000e+000	 6.65871e-002	-4.82829e-002	-4.61250e+004	 6.27000e+004
 2.43750e+000	 7.57681e-002	-4.95840e-002	-3.43688e+004	 6.27000e+004
 2.62500e+000	 8.51574e-002	-5.05050e-002	-2.26125e+004	 6.27000e+004
 2.81250e+000	 9.46837e-002	-5.10460e-002	-1.08563e+004	 6.27000e+004
 3.00000e+000	 1.04276e-001	-5.12069e-002	 9.00000e+002	 6.27000e+004
______________________________________________________________________________

