r=       60.00000
A =    11309.73355
