function [p,e,t] = bsp03
% Example: Flow past cylinder
% Grobes Gitter

p =  [0, 10, 10,  0,  6,  4, 20, 20,  5,  5;
      0,  0, 10, 10,  5,  5,  0, 10,  4,  6];
t =  [4     6     2     5     3     1     3     2     2     4;
      1     1     3     3     4     2     2     7     5     6;
      6     9     5    10    10     9     8     8     9    10];
e = [1  2  3  4    5    9    6    10  2  7  8;
     2  3  4  1    9    6   10     5  7  8  3;  
     0  0  0  0    0  0.5    0   0.5  0  0  0;
     1  1  1  1  0.5    1  0.5     1  1  1  1;
     1  2  3  4    5    5    6     6  7  8  9];
