function [p,e,q] = bsp09a
% lid driven cavity fuer stream function/vorticity -----

p = [...
     0, 0; 0.5,  0; 1, 0; 1, 0.5;
     1, 1; 0.5,  1; 0, 1; 0, 0.5; 0.5, 0.5 ];
p  = p.';     
q  = [1, 2, 9, 8; 2, 3, 4, 9; 8, 9, 6, 7; 9, 4, 5, 6];
q = q.';

e1 = [1, 2; 2, 3; 0, 0.5; 0.5, 1; 1, 1];
e2 = [3, 4; 4, 5; 0, 0.5; 0.5, 1; 2, 2];
e3 = [5, 6; 6, 7; 0, 0.5; 0.5, 1; 3, 3];
e4 = [7, 8; 8, 1; 0, 0.5; 0.5, 1; 4, 4];

e = [e1,e2,e3,e4];



 
RD = [1  2  0;   2  3  0;   3  4  0;   4  5  0;
      5  6  0;   6  7  0;   7  8  0;   8  1  0];

RC = [1  2  0  0; 2  3  0  0; 3  4  0  0;   4  5  0  0;
      5  6  0  1; 6  7  1  1; 7  8  1  0;   8  1  0  0];
end
