function [p,e,t] = bsp03_1
% Flow past half cylinder, Grobes Dreiecksgitter

p = [0, 10/3, 15/3, 20/3, 9, 14.5,  20, 20, 14.5, 9, 15/3, 0;
     0,    0,  5/3,    0, 0,    0,   0,  5,    5, 5,  5,   5]; 

t = [ 1,  2,  3,  3,  3,  4, 5,  5, 6, 6;
      2,  3, 11, 10,  4,  5, 6,  9, 7, 8;
     12, 12, 12, 11, 10, 10, 9, 10, 8, 9]; 
t = [t;ones(1,6),2*ones(1,4)];     

e = [1,   2,   3,  4,  5,  10,  11, 12,   5,   6,  7,   8,   9;     
     2,   3,   4,  5, 10,  11,  12,  1,   6,   7,  8,   9,  10;   
     0,   0, 1/2,  0,  0,   0, 1/2,  0,   0, 1/2,  0,   0, 1/2;
     1, 1/2,   1,  1,  1, 1/2,   1,  1, 1/2,   1,  1, 1/2,   1;
     1,   2,   2,  3,  4,   5,   5,  6,   7,   7,  8,   9,   9;
     1,   1,   1,  1,  1,   1,   1,  1,   2,   2,  2,   2,   2;     
     0,   0,   0,  0,  2,   0,   0,  0,   0,   0,  0,   0,   0];
