function [p,e,t] = bsp03_3
% Flow past half cylinder, mod. geometry after Gresho, coarse mesh

p = [-3, -1,  0,  1, 3,   3,  0,  -3 ;
      0,  0,  1,  0, 0,   2,  2,   2 ]; 

t = [ 1,  2,  3,  4,  4,  3;
      2,  3,  7,  5,  6,  6;
      8,  8,  8,  6,  3,  7]; 
t = [t;ones(1,3),2*ones(1,3)];     

e = [1,   2,   3,  4,  5,  6,  7,   8,    7;     
     2,   3,   4,  5,  6,  7,  8,   1,    3;   
     0,   0,   0,  0,  0,  0,  0,   0,    0;
     1,   1,   1,  1,  1,  1,  1,   1,    1;
     1,   2,   3,  4,  5,  6,  7,   8,    9;
     1,   1,   1,  2,  2,  2,  1,   1,    2;     
     0,   0,   0,  0,  0,  0,  0,   0,    1];
