% Plane stress element equations
nodes = [0, 5; 0, 22/3; 0, 29/3; 0, 12; 3, 5; 4, 22/3;
    5, 29/3; 6, 0; 6, 5/2; 6, 5; 6, 12; 8, 22/3; 10, 29/3;
    23/2, 17/3; 12, 12; 15, 4; 17, 53/6; 20, 0;45/2, 12;
    24, 8; 80/3, 4; 33, 12; 100/3, 8; 37,0; 40, 12; 121/3, 4;
    131/3, 8; 47, 12; 54, 0; 54, 4; 54, 8; 54, 12];
k = PlaneStressTriElement(3000000, .2, 4, nodes([4 7 11],:))
rq = PlaneStressTriLoad (3, -50, 0, 4, nodes([4 7 11],:))