# Created by Octave 5.2.0, Fri Apr 16 15:03:20 2021 GMT <unknown@WINDELL-QR24UCD>
# name: jacw
# type: sparse matrix
# nnz: 1907
# rows: 150
# columns: 150
2 2 -7.7595031868746958
3 2 29.146181784914067
4 2 -7.4321172183693118
51 2 -4.899558916353052
52 2 -1310.6004407996995
53 2 -2036.0823492692705
102 2 -3118261.0484539922
103 2 -7624341.8448334942
104 2 -970.36922375309348
3 3 -44.719413477836127
4 3 29.682398749747783
5 3 -7.36912279755549
52 3 2562.1161162577869
53 3 22.203219402576508
54 3 -2592.063477616332
102 3 7474398.0181846507
103 3 9049.325144751183
104 3 -7479631.791559563
105 3 -1477.4849671322409
3 4 29.767757366074644
4 4 -44.426587900166567
5 4 29.411462189366286
6 4 -7.2884096672762864
53 4 2602.2792890812839
54 4 46.640052555181811
55 4 -2664.5746842338094
103 4 7546206.4486351172
104 4 19147.761762787155
105 4 -7563850.9261116162
106 4 -2090.2486061293671
3 5 -7.4249151847873573
4 5 29.54115580815612
5 5 -43.99168775105435
6 5 29.057201281183687
7 5 -7.1817541534980958
54 5 2679.796225145973
55 5 78.51954932948226
56 5 -2782.2782898961395
103 5 1066.9647973939939
104 5 7674000.2252891129
105 5 33520.444989907228
106 5 -7705878.245078003
107 5 -2709.3899984111654
4 6 -7.3577270417068341
5 6 29.22139847094266
6 6 -43.417320766291667
7 6 28.609513121052036
8 6 -7.0558637839961929
55 6 2803.4670626285315
56 6 110.25473929180603
57 6 -2946.6253590191664
104 6 1730.282808699927
105 6 7859454.2835669154
106 6 48002.061631157885
107 6 -7905838.8406602787
108 6 -3347.7873464949671
5 7 -7.2717715616934191
6 7 28.808372697006767
7 7 -42.711856566462018
8 7 28.093615892563811
9 7 -6.9183604614151362
56 7 2974.1967112828502
57 7 146.87824940897224
58 7 -3163.5514074140265
105 7 2608.4829847068777
106 7 8102186.2275732858
107 7 65268.997160644496
108 7 -8166022.9631314222
109 7 -4040.7445872157832
6 8 -7.1594556679092065
7 8 28.312837805161646
8 8 -41.915205118720451
9 8 27.537394799557479
10 8 -6.7755718180894657
57 8 3197.0725644689123
58 8 191.60568844195339
59 8 -3441.5074267325986
106 8 3587.7088848801304
107 8 8403784.1471091285
108 8 87130.296105731279
109 8 -8489694.5291436166
110 8 -4807.6229561221189
7 9 -7.0273682832746474
8 9 27.761499886865472
9 9 -41.06660974300128
10 9 26.967163403270277
11 9 -6.6346852638598248
58 9 3480.2527151802674
59 9 246.14290572367076
60 9 -3790.3011486321752
107 9 4687.6350701658448
108 9 8766281.5551290307
109 9 114643.64910950503
110 9 -8879946.6389733534
111 9 -5666.2003353490745
8 10 -6.8828394208372634
9 10 27.180537132366112
10 10 -40.206204612472746
11 10 26.41235118214092
12 10 -6.5038442811970212
59 10 3832.9204958383707
60 10 313.13147967169249
61 10 -4221.4808342463612
108 10 5959.5748719913236
109 10 9190845.4535733797
110 10 149385.11820138179
111 10 -9339550.7341659348
112 10 -6639.4124808192064
9 11 -6.732023264977455
10 11 26.59738826339564
11 11 -39.37899620021058
12 11 25.905264352747981
13 11 -6.3916331509555855
60 11 4265.4066145939059
61 11 396.04365873144974
62 11 -4748.2933035529868
109 11 7429.1166906644066
110 11 9677532.9166613296
111 11 193368.16208392585
112 11 -9870579.1229341608
113 11 -7751.0725017606173
10 12 -6.5819587409839722
11 12 26.042583631442433
12 12 -38.633290994855457
13 12 25.479519343912482
14 12 -6.3068532395154859
61 12 4789.1538325361453
62 12 498.67613979981741
63 12 -5385.0068116359598
110 12 9113.4207655008631
111 12 10224859.269014023
112 12 248707.75864454987
113 12 -10473655.777636586
114 12 -9024.6707874889617
11 13 -6.4406282665570265
12 13 25.548683695600651
13 13 -38.018880199593553
14 13 25.169467701922013
15 13 -6.2586429313720862
62 13 5415.9333800037666
63 13 624.86581064054963
64 13 -6145.734284454642
111 13 11027.869629933799
112 13 10829121.560835076
113 13 317382.91751681949
114 13 -11147066.032108685
115 13 -10466.315873142667
12 14 -6.3164908439711756
13 14 25.149171112490542
14 14 -37.586316438954114
15 14 25.010060128579831
16 14 -6.2564239581450796
63 14 6156.5983364126196
64 14 777.89872850806034
65 14 -7042.526662263419
112 14 13174.391210210873
113 14 11483810.942661608
114 14 400778.39456447557
115 14 -11885706.67717584
116 14 -12057.051260453216
13 15 -6.2182930887083749
14 15 24.878478574578104
15 15 -37.386729603529716
16 15 25.037129390491085
17 15 -6.3105852728310996
64 15 7019.4321451160367
65 15 958.79084729863484
66 15 -8082.1972301662117
113 15 15534.847897371123
114 15 12179237.50508838
115 15 498757.20136625215
116 15 -12679913.837084811
117 15 -13615.717267191936
14 16 -6.1553236928165767
15 16 24.77221123143298
16 16 -37.472425639681319
17 16 25.248910866463728
18 16 -6.3933727653988104
65 16 8007.5059358896915
66 16 1162.3935578221922
67 16 -9259.661095640502
114 16 18037.714666793065
115 16 12902298.893237637
116 16 607455.67926397442
117 16 -13512646.609873941
118 16 -15145.67733618471
15 17 -6.1376640558462707
16 17 24.869998772286127
17 17 -37.962228315233119
18 17 25.594883380279292
19 17 -6.3649897814860275
66 17 9114.4848232332588
67 17 1367.5565026005836
68 17 -10545.168472361027
115 17 20535.967754711
116 17 13635744.259948947
117 17 675934.44960698148
118 17 -14349027.439989578
119 17 16812.762678939634
16 18 -6.1779993754267153
17 18 25.447317874414718
18 18 -38.538547599855228
19 18 25.772875667396356
20 18 -6.5036465665291354
67 18 10313.513970560214
68 18 1537.2700138185853
69 18 -11874.779257276934
116 18 22568.333829499967
117 18 14439838.754409567
118 18 746683.12744336377
119 18 -15227193.591029437
120 18 18103.375323327575
17 19 -6.4261036861733176
18 19 25.848896701508671
19 19 -39.131687828296556
20 19 26.402091090333574
21 19 -6.6931962773723725
68 19 11554.883905384717
69 19 1641.0346450639474
70 19 -13179.189668547921
117 19 -24014.218173527915
118 19 15125105.219858559
119 19 831830.21125400998
120 19 -15951848.504677782
121 19 18927.291688728073
18 20 -6.5212305319351325
19 20 26.386317561717956
20 20 -40.136572262933129
21 20 27.173688807977499
22 20 -6.9022035747270918
69 20 12794.569760291626
70 20 1725.8263293374582
71 20 -14465.203793235285
118 20 -25238.411199840095
119 20 15757933.963951956
120 20 864205.24951477151
121 20 -16616803.838009449
122 20 19903.035690077246
19 21 -6.6678120229789082
20 21 27.102830027828777
21 21 -41.337857525702717
22 21 28.034799053091774
23 21 -7.1319595322389242
70 21 14003.691447763538
71 21 1847.110646505153
72 21 -15753.643270284958
119 21 -25761.993821846801
120 21 16330498.763321765
121 21 913591.32447683648
122 21 -17239463.80763993
123 21 21135.713663177619
20 22 -6.8619220453301191
21 22 27.938552678744419
22 22 -42.685964669464312
23 22 28.997856853318257
24 22 -7.388522817268254
71 22 15202.771509059057
72 22 1991.6121067419208
73 22 -17051.367566186418
120 22 -25767.63945271261
121 22 16857778.0698479
122 22 971530.84916029882
123 22 -17826037.315770268
124 22 22496.036214781256
21 23 -7.0775791375317993
22 23 28.872155853258509
23 23 -44.19736820932922
24 23 30.077562150860548
25 23 -7.6747706572474454
72 23 16404.932896592622
73 23 2139.1573665738747
74 23 -18353.15067785186
121 23 -26180.268930960712
122 23 17351243.928672835
123 23 1027693.4014573722
124 23 -18376619.337006781
125 23 23862.275807536796
22 24 -7.3166045161603241
23 24 29.916318317127974
24 24 -45.887127578721362
25 24 31.278432143964796
26 24 -7.9910183661927947
73 24 17610.141279644296
74 24 2277.5334609949059
75 24 -19648.284005538786
122 24 -27014.339376842912
123 24 17814598.30758813
124 24 1076607.3076775367
125 24 -18889349.391285386
126 24 25158.115396562243
23 25 -7.5837027918107207
24 25 31.079359621806606
25 25 -47.75750023090626
26 25 32.597998750042748
27 25 -8.3361553491257609
74 25 18811.634578616682
75 25 2400.0075399631023
76 25 -20924.797940683355
