function [p,e,t] = bsp01g
% Geometry file for example 9.2
% Nodes
p1 = [0 1 0 1 2 0   1 2.17157 1.8 0 1 2.6 0 2 1 0;       
      0 0 1 1 0 2   2 1       2   3 3 1.8 4 3 4 5];
p2 = [1 3.2 2 2 3   4         3   3 5 4   4 5 5;
      5 2.4 4 5 3.2 2.82843   4   5 3 4   5 4 5];
p = [p1,p2];
% Triangles
t1 = [2  4  4  4  8  7   9   9 12  14  14  18 19 21 21 22 25 1;
      5  5  8  9 12  9  14  12 18  18  21  22 21 22 26 25 28 2;
      4  8  9  7  9 11  11  14 14  21  19  21 23 26 23 26 26 4];
t2 = [4  3  7  6  11 10 15 11 19 13 17 15 20 19 24 23 27 26 29;
      3  4  6  7  10 11 13 14 15 15 16 19 17 23 20 26 24 28 27;
      1  7  3 11  6  15 10 19 11 17 13 20 15 24 19 27 23 29 26];
t = [t1,t2];
% boundary 
e = [1 2 5  8 12 18 22 25 28 29 27 24 20 17 16 13 10 6 3;
     2 5 8 12 18 22 25 28 29 27 24 20 17 16 13 10  6 3 1;
     0 0 0  0  0  0  0  0  0  0  0  0  0  0  0  0  0 0 0;
     0 0 0  0  0  0  0  0  0  0  0  0  0  0  0  0  0 0 0;
     1 1 2  2  2  2  2  3  3  4  4  4  4  4  5  5  5 5 5];
