function [p,e,t] = bsp09
% as bsp04.m 
% Example: back facing step
% Grobes Gitter
p1 = [4  8  8    4    0    0 4;
      2  2  5.6  5.6  5.6  2 0];
p2 = [8  12  12   12  16  16   16;
      0   2  5.6   0   2  5.6   0];
p3 = [20   20   20   24   24   24   28;
       2  5.6    0    2  5.6    0    2];
p4 = [28   28   32   32   32   36   36   36    6;
      5.6     0    2  5.6    0    2   5.6   0    5.6];
p = [p1,p2,p3,p4]/100;

t1 =  [...
     4  1  1  4  2  1  3  9  2  2 10 12  9;
     1  2  4  5  1  7  2  2  9  8  9  9  12;
    30 30  6  6  8  8 10 11 10 11 13 14  13];
t2 = [...
     9  13  15  12  12  16  18  15  15  19  21  18  18;
    11  12  12  15  14  15  15  18  17  18  18  21  20;
    14  16  17  16  17  19  20  19  20  22  23  22  23];

t3 = [...
    22  24  21  21  25  27  24  24   2;
    21  21  24  23  24  24  27  26   3;
    25  26  25  26  28  29  28  29  30];
t = [t1,t2,t3];

row4 = [...
     1  1  2  2   3  3   4   5   4   5   6   7   6   7   8, ...
     9  8  9 10  11  10 11  12  13  12  13  14  15  14  15, ...
    16 17 16 17   1];

t = [t;row4];

e1 = [...
    1    2    3   30    4    4    5;
    2    3   30    4    1    5    6;
    0    0    0    0.5   0    0   0;
    1    1   0.5    1    1    1   1;
    1    2    3    3    4    5    6];

e2 = [...
    6    1    7    8    2    9   10;
    1    7    8    2    9   10    3;
    0    0    0    0    0    0    0;
    1    1    1    1    1    1    1;
    7    8    9   10   11   12   13];

e3 = [...
    8   11    9   12   13   11   14;
   11    9   12   13   10   14   12;
    0    0    0    0    0    0    0;
    1    1    1    1    1    1    1;
   14   15   16   17   18   19   20];

e4 = [...
   12   15   16   14   17   15   18;
   15   16   13   17   15   18   19;
    0    0    0    0    0    0    0;
    1    1    1    1    1    1    1;
   21   22   23   24   25   26   27];

e5 = [... 
   19   17   20   18   21   22   20;
   16   20   18   21   22   19   23;
    0    0    0    0    0    0    0;
    1    1    1    1    1    1    1;
   28   29   30   31   32   33   34];

e6 = [...
   23   21   24   25   23   26   24;
   21   24   25   22   26   24   27;
    0    0    0    0    0    0    0;
    1    1    1    1    1    1    1;
   35   36   37   38   39   40   41];

e7 = [...
   27   28   26   29;
   28   25   29   27;
    0    0    0    0;
    1    1    1    1;
   42   43   44   45];
e = [e1,e2,e3,e4,e5,e6,e7];

aux1 = [...
  1 1  1 1  1 2 2 2 3 3 3  4  4  4  5  5  6  6  6  7  7  8  8  8  9  9;
  3 4  0 0  2 0 0 0 0 0 5  5  6  0  0  7  7  8  0  0  9  9  10  0  0  11];

aux2 = [...
  10  10  10  11 11  12 12 12 13 13 14 14 14 15 15 16 16 16 17 17;
  11  12   0   0 13  13 14  0  0 15 15 16  0  0 17 17 0  0  0  0];


% TODO--TODO ----
e = [e;[aux1,aux2]];
