`bottlerolling` <-
structure(list(rampheight = c(42, 36, 30, 24, 18, 42, 36, 30, 
24, 18, 42, 36, 30, 24, 18, 42, 36, 30, 24, 18), water = c(0, 
0, 0, 0, 0, 35, 35, 35, 35, 35, 90, 90, 90, 90, 90, 245, 245, 
245, 245, 245), distance = c(330.5, 249.5, 268, 211, 211.5, 117.5, 
106, 101.5, 91.5, 78.5, 149, 144.5, 102.5, 105.5, 97.5, 296, 
281.5, 254, 199.5, 178)), .Names = c("rampheight", "water", "distance"
), row.names = c(NA, -20L), class = "data.frame")
