fires <-
structure(list(angle = c(0L, 0L, 0L, 0L, 0L, 0L, 5L, 5L, 10L, 
10L, 10L, 10L), t.25 = c(7, 10, 9, 8, 8, 9, 15, 12, 13, 13, 7, 
11), t.9 = c(16, 26, 23, 22, 21, 21, 33, 27, 30, 35, 28, 30)), .Names = c("angle", 
"t.25", "t.9"), class = "data.frame", row.names = c(NA, -12L))
