gasdata <-
structure(list(month = structure(c(6L, 2L, 12L, 11L, 10L, 3L, 
5L, 4L, 8L, 1L, 9L, 7L, 6L, 2L, 12L, 11L, 10L, 3L, 5L, 4L, 8L, 
1L, 9L, 7L, 6L, 2L, 12L, 11L, 10L, 3L, 5L, 4L, 8L, 1L, 9L, 7L, 
6L, 2L, 12L, 11L, 10L, 3L, 5L, 4L, 8L, 1L, 9L, 7L, 6L, 2L, 12L, 
11L, 10L, 3L, 5L, 4L, 8L, 1L, 9L, 7L, 6L, 2L, 12L, 11L, 10L, 
3L, 5L, 4L, 8L, 1L), .Label = c("April", "August", "December", 
"February", "January", "July", "June", "March", "May", "November", 
"October", "September"), class = "factor"), degreedays = c(6, 
10, 14, 185, 344, 652, 539, 645, 559, 360, 224, 34, NA, NA, NA, 
NA, NA, NA, NA, NA, NA, NA, NA, NA, NA, NA, NA, NA, NA, NA, NA, 
NA, NA, NA, NA, NA, NA, NA, NA, NA, NA, NA, NA, NA, NA, NA, NA, 
NA, NA, NA, NA, NA, NA, NA, NA, NA, NA, NA, NA, NA, NA, NA, NA, 
NA, NA, NA, NA, NA, NA, NA), cubicmetres = c(27.9, 18.6, 22.4, 
153.6, 316.1, 551.6, 316.8, 588, 537, 315.8, 185.6, 39, 29, 8.5, 
48, 111.4, 333, 375.3, 491.7, 738, 484.4, 301.6, 125.4, 42, 46.2, 
15.5, 42.7, 73.5, 265.2, 460.8, 466.7, 712, 508.5, 276.1, 137, 
59.6, 28.8, 15.9, 35.8, 123.1, 310.9, 509.5, 532.3, 568, 490.6, 
275.1, 99.3, 37.7, 29.8, 23.8, 36.7, 162.9, 217.5, 400.2, 585.9, 
543.2, 348.6, 200.1, 137, 45.7, 35.8, 28.8, 32.8, 110.2, 170.8, 
361.5, 423.1, 449.9, 376.4, 245.3), dailyusage = c(0.9, 0.6, 
0.7, 4.8, 10.9, 21, 17.9, 21.7, 19.7, 9.9, 5.8, 1.3, 1, 0.5, 
1.5, 6.4, 11.1, 13.9, 14.9, 24.6, 17.3, 10.4, 3.8, 1.4, 1.4, 
0.5, 1.4, 2.4, 9.1, 16.5, 15.1, 23.7, 15.4, 9.5, 4.6, 1.8, 1, 
0.5, 1.2, 4.1, 10, 17.6, 18.4, 18.9, 16.4, 8.9, 3.2, 1.3, 0.9, 
0.7, 1.3, 5.6, 7.5, 13.3, 18.3, 18.1, 11.2, 6.9, 4.7, 1.4, 1.2, 
0.9, 1.1, 3.8, 6.1, 11.3, 13.6, 15.5, 11.8, 9.1), temp = c(18, 
17, 17, 12, 6, -5, 0, -2, -1, 6, 11, 17, 17, 17, 15, 8.1, 4, 
3, 0, -9, -3, 4, 12, 17, 17, 17, 16, 14, 4, -3, -1, -5, -4, 7, 
11, 16, 18, 18, 17, 12, 4, -3, -7, -6, -1, 6, 13, 15, 17, 18, 
16, 9, 8, 1, -5, -5, 2, 9, 12, 18, 18, 18, 16, 12, 7, -2, -6, 
-7, -2, 3), year = c(2005, 2005, 2005, 2005, 2005, 2005, 2006, 
2006, 2006, 2006, 2006, 2006, 2006, 2006, 2006, 2006, 2006, 2006, 
2007, 2007, 2007, 2007, 2007, 2007, 2007, 2007, 2007, 2007, 2007, 
2007, 2008, 2008, 2008, 2008, 2008, 2008, 2008, 2008, 2008, 2008, 
2008, 2008, 2009, 2009, 2009, 2009, 2009, 2009, 2009, 2009, 2009, 
2009, 2009, 2009, 2010, 2010, 2010, 2010, 2010, 2010, 2010, 2010, 
2010, 2010, 2010, 2010, 2011, 2011, 2011, 2011), I1 = c(0, 0, 
0, 0, 0, 0, 0, 0, 0, 0, 0, 0, 0, 0, 0, 0, 0, 0, 0, 0, 0, 0, 0, 
0, 0, 0, 0, 0, 0, 0, 0, 0, 0, 0, 0, 0, 0, 0, 0, 0, 1, 1, 1, 1, 
1, 1, 1, 1, 1, 1, 1, 1, 1, 1, 1, 1, 1, 1, 1, 1, 1, 1, 1, 1, 1, 
1, 1, 1, 1, 1), I2 = c(0, 0, 0, 0, 0, 0, 0, 0, 0, 0, 0, 0, 0, 
0, 0, 0, 0, 0, 0, 0, 0, 0, 0, 0, 0, 0, 0, 0, 0, 0, 0, 0, 0, 0, 
0, 0, 0, 0, 0, 0, 0, 0, 0, 0, 0, 0, 0, 0, 0, 0, 0, 0, 0, 0, 0, 
0, 1, 1, 1, 1, 1, 1, 1, 1, 1, 1, 1, 1, 1, 1), I3 = c(0, 0, 0, 
0, 0, 0, 0, 0, 0, 0, 0, 0, 0, 0, 0, 0, 0, 0, 0, 0, 0, 0, 0, 0, 
0, 0, 0, 0, 0, 0, 0, 0, 0, 0, 0, 0, 0, 0, 0, 0, 0, 0, 0, 0, 0, 
0, 0, 0, 0, 0, 0, 0, 0, 0, 0, 0, 0, 0, 0, 0, 0, 0, 0, 0, 1, 1, 
1, 1, 1, 1), d6 = c(0.938740393359569, 0.736021922817833, 0.807344375447297, 
2.56297719802944, 4.19233422690475, 6.21343238736074, 5.64562228324717, 
6.33688521253588, 5.97970467592585, 3.95713727815448, 2.8711560413462, 
1.17048542822212, 1, 0.659753955386447, 1.27542450062579, 2.08395026610465, 
4.23832042671674, 4.85074986375574, 5.05721900153034, 6.83220775933745, 
5.53130570620802, 4.07586699547468, 2.22776900842193, 1.22370524474446, 
1.22370524474446, 0.659753955386447, 1.22370524474446, 1.6909343439652, 
3.76205235700181, 5.37638507152711, 5.09783962116895, 6.68111592932569, 
5.15836931669846, 3.86041649982129, 2.49835816491783, 1.42286436586759, 
1, 0.659753955386447, 1.11560062172983, 2.33168733646291, 3.98107170553497, 
5.58865886309897, 5.73971982846905, 5.83279996342411, 5.35681081552472, 
3.71222254522422, 2.00950914520766, 1.17048542822212, 0.938740393359569, 
0.807344375447297, 1.17048542822212, 2.81133640327841, 3.34993791331143, 
4.72401191772936, 5.72098295500404, 5.68338589248409, 4.26118916048284, 
3.18646721487469, 2.53080518039856, 1.22370524474446, 1.11560062172983, 
0.938740393359569, 1.05885285292178, 2.22776900842193, 2.95936069238941, 
4.28397636457521, 4.78766048514009, 5.17844083757211, 4.39672400318729, 
3.76205235700181), d5 = c(0.948683298050514, 0.774596669241483, 
0.836660026534076, 2.19089023002066, 3.30151480384384, 4.58257569495584, 
4.23083916026124, 4.65832587954085, 4.43846820423443, 3.14642654451045, 
2.40831891575846, 1.14017542509914, 1, 0.707106781186548, 1.22474487139159, 
2.5298221281347, 3.33166624979154, 3.72827037646145, 3.86005181312376, 
4.9598387070549, 4.15932686861708, 3.22490309931942, 1.94935886896179, 
1.18321595661992, 1.18321595661992, 0.707106781186548, 1.18321595661992, 
1.54919333848297, 3.01662062579967, 4.06201920231798, 3.88587184554509, 
4.86826457785523, 3.92428337406972, 3.08220700148449, 2.14476105895272, 
1.34164078649987, 1, 0.707106781186548, 1.09544511501033, 2.02484567313166, 
3.16227766016838, 4.19523539268061, 4.28952211790544, 4.34741302385683, 
4.04969134626332, 2.98328677803526, 1.78885438199983, 1.14017542509914, 
0.948683298050514, 0.836660026534076, 1.14017542509914, 2.36643191323985, 
2.73861278752583, 3.64691650576209, 4.27784992724149, 4.25440947723653, 
3.3466401061363, 2.62678510731274, 2.16794833886788, 1.18321595661992, 
1.09544511501033, 0.948683298050514, 1.04880884817015, 1.94935886896179, 
2.46981780704569, 3.36154726279432, 3.68781778291716, 3.93700393700591, 
3.43511280746353, 3.01662062579967)), .Names = c("month", "degreedays", 
"cubicmetres", "dailyusage", "temp", "year", "I1", "I2", "I3", 
"d6", "d5"), row.names = c(NA, -70L), class = "data.frame")
