grads <-
structure(list(females = c(9, 28, 14, 15, 20, 12, 12, 19, 19, 
15, 11, 13, 8, 6, 9, 17, 20, 7, 23, 22, 19, 35, 26, 21, 10), 
    total = c(29, 47, 31, 27, 43, 27, 35, 49, 36, 36, 29, 22, 
    20, 18, 18, 32, 30, 21, 44, 45, 46, 61, 51, 29, 22), gradyear = c(1985, 
    1986, 1987, 1988, 1989, 1990, 1991, 1992, 1993, 1994, 1995, 
    1996, 1997, 1998, 1999, 2000, 2001, 2002, 2003, 2004, 2005, 
    2006, 2007, 2008, 2009), unknowngender = c(0, 8, 2, 0, 12, 
    0, 0, 0, 0, 0, 3, 0, 0, 0, 0, 1, 0, 0, 0, 0, 0, 0, 0, 0, 
    0)), .Names = c("females", "total", "gradyear", "unknowngender"
), row.names = c(1L, 2L, 3L, 4L, 5L, 6L, 7L, 8L, 9L, 10L, 11L, 
23L, 24L, 25L, 12L, 13L, 14L, 15L, 16L, 17L, 18L, 19L, 20L, 21L, 
22L), class = "data.frame")
