function [N,KNOTEN,ELEMENTE1,ELEMENTE2,RD,RC,F,RHO] = beisp04;
% kubische Dreieck- und Parallelogrammelemente
% Schwarz: beisp66.dat
F   = - 10;
RHO = 0;
N   = 87;
%
KNOTEN = [...
 1 0 0 ;
 2 1 0 ;
 3 0 1 ;
 4 1 1 ;
 5 2 0 ;
 6 0 2 ;
 7 1 2 ;
 8 2.17157 1.0  ;
 9 1.8 2 ;
10 0 3 ;
11 1 3 ;
12 2.6 1.8 ;
13 0 4 ;
14 2 3 ;
15 1 4 ;
16 0 5 ;
17 1 5 ;
18 3.2 2.4  ;
19 2 4 ;
20 2 5 ;
21 3 3.2 ;
22 4.0 2.82843 ;
23 3 4 ;
24 3 5 ;
25 5 3 ;
26 4 4 ;
27 4 5 ;
28 5 4 ;
29 5 5 ];
ELEMENTE1 = [...
2 5 4 0;
4 5 8 0;
4 8 9 0;
4 9 7 0;
8 12 9 0;
7 9 11 0;
9 14 11 0;
9 12 14 0;
12 18 14 0;
14 18 21 0;
14 21 19 0;
18 22 21 0;
19 21 23 0;
21 22 26 0;
21 26 23 0;
22 25 26 0;
25 28 26 0];

ELEMENTE2 = [...
1 2 4 3;
3 4 7 6;
6 7 11 10;
10 11 15 13;
11 14 19 15;
13 15 17 16;
15 19 20 17;
19 23 24 20;
23 26 27 24;
26 28 29 27];
RC = [...
5 8 3 2;
8 12 3 2;
12 18 3 2;
18 22 3 2;
22 25 3 2;
29 27 4 1;
27 24 4 1;
24 20 4 1;
20 17 4 1;
17 16 4 1];
%
RD = [...
1 1 0;
1 3 0;
3 1 0;
3 3 0;
6 1 0;
6 3 0;
10 1 0;
10 3 0;
13 1 0;
13 3 0;
16 1 0;
16 3 0];
