

JanNW = [61033.83858 30597.43191 62888.87063 15667.79875 35823.48106 ...
51339.63449 50183.66547 35982.54033 167276.9034 123052.783 40877.7874  ...
45964.61333 6090.572006 44746.51352 25426.13405 23731.74214 0  ...
366130.5054 387826.5123 1059676.855 689260.8799 722850.0282 140572.1419  ...
113200.1601 96306.83745 72346.4143 47199.76642 22003.61863 122365.8603  ...
71244.80945 20573.581 413336.1758 170576.3044]';
FebNW = [81144.61161 34989.43077 49606.53119 44438.66061 75775.16408  ...
35252.77166 488.1912915 626.8166128 132555.7994 109650.6145 66131.50168  ...
192187.4827 171531.7565 41708.10031 8720.806942 48923.54656 2897.714497  ...
84541.48833 29313.91997 49865.5064 808.431856 0, 94293.44537  ...
1615003.639 394717.2631 145160.8839 120785.1725 90822.18196 81534.2834  ...
88923.2378 72900.00353 151326.4851 68627.23375]';
MarNW = [297035.8548 121805.1166 132596.7463 50208.40226  ...
       58394.18522 63404.30583  ...
       49345.51907 32195.38581 49946.67468 66587.19769  ... 
      107316.0719 18684.91461 786812.905 198665.6429  ... 
      257392.1625 177281.7979 172033.3103 165113.2705  ... 
      121573.5292 105930.9253 82243.84107 106053.5127  ... 
      182238.967 72366.42465 50575.29715 11434.78214  ...
       33748.48313 77801.14446 37331.45629 46009.44559  ...
       51714.8493 48962.85384 17462.19578]';
AprNW = [47602.43795 86651.25559 147028.5225 10874.32213 132370.5076  ...
209867.6297 459759.9246 310494.0088 128427.9035 97053.51753 91115.19888  ...
90643.2907 135715.811 77662.29011 326990.9855 120331.7283  ... 
      63665.07677 54630.79869 0 14621.69511 45521.73262  ...
       51645.77276 40808.5102 10327.38477 22828.72273  ...
      112197.7841 0 0 365031.7644 203185.0854, 108523.0426  ...
      68452.2258 75871.54128]';
MayNW = [87945.23177 73933.16419 79980.2335 338375.2705 404825.5981  ...
296312.8819 145332.6814 98017.52463 120025.6569 432982.9977 89352.12363  ...
81782.10122 69250.89265 95415.24297 76851.10387 68415.37498 191152.5972  ...
77206.81097, 21943.27546  0  31586.84868  21465.49166  37664.22233   ...
63321.08443  61667.95361  65512.83878  33892.25849  25651.92285  53414.15411   ...
30521.83321  266.4499593  21672.83275  44608.22667]';
JunNW = [177626.8279  85557.57341  41463.15241  92942.22091  48663.67552   ...
26386.98748  40006.91466  61438.03221  67917.22614  38117.96047  45929.96156   ...
74399.66291  153918.1484  53071.50552  64628.98658  86414.38438  64391.44856   ...
61318.04714  65827.21589  106619.7085  107071.2739  66011.24705  10255.48088   ...
116360.3885  185541.5115  72766.89307  42868.72079  57768.75897  36725.16078   ...
29737.65171  27136.08348  110962.6817  250480.1893]';
JulNW = [109005.6279  96608.2513  241945.8456  528699.6302  148167.7828   ...
166964.093  153894.6379  150041.3335  127233.6304  131857.92  198329.6503   ...
360864.0241  158578.92  149857.3023  137113.7526  90013.93656  77118.78408   ...
77916.52267  75558.16743  69704.03087  45956.71499  50367.78783  61877.43701   ...
40230.67061  159220.1915  122122.9149  339078.6263  159835.5204  ... 
      88810.03229  65799.65175  84631.6332  80421.61642  42931.95616]';
AugNW = [54260.00631  56874.5459  27992.19319  0  32505.41548  56769.96431   ...
44811.99254  39562.64561  40406.59466  43831.0335  75974.06163  58229.24223  ...
       91983.96174  106368.3884  5968.446659  258717.8131  ...
       390210.1029  342591.4325  ...
       304064.8742  130505.6558  71502.99625  109190.4697  85041.85243   ...
53996.52557  76335.63827  96511.77682  73127.65899  78301.6099  138569.7877   ...
484037.619  258118.6984  79861.41585  123593.5427]';
SepNW = [162435.4672  188263.8755  110344.9207  129460.6506  232472.6999   ...
217948.8311  164399.8174  84638.92959  65481.85345  52812.07833  52467.5266   ...
81207.19437  62457.09462  64375.23436  58064.66811  17294.87538  30909.9383   ...
99029.03122  91757.77367  16974.64495  97686.49554  26152.69231  44638.50061   ...
46533.12976  71345.71852  52825.04969  44323.13444  33221.27237  89695.32755   ...
49098.21605  9012.662525  0  49784.07667]';
OctNW = [26774.50684  37304.00768  57461.4999  49167.12639  32473.79779   ...
28444.56934  12216.58825  96004.27239  24161.58867  13663.70551  29867.3653   ...
123126.5738  47296.81854  76221.32817  40463.34436  36494.10844  37376.97158   ...
16690.89647  9440.717379  35670.42713  38133.36396  33421.51773  86961.6136   ...
248053.7344  89465.08593  52127.02843  52280.25261  53332.55412  117009.7672   ...
97529.21781  63034.32011  93607.81378  136494.3702]';
NovNW = [29467.6853  24266.17025  30309.20223  62391.42711  49681.92721   ...
45967.25422  55830.35148  44713.08592  44868.74223  0  42847.64233   ...
25897.31867  13985.55736  556432.3962  113865.0233  67065.16998  72432.06986   ...
53482.53546  54880.19942  38027.16096  58368.68434  54537.26911  54472.41231   ...
146403.6779  84655.9545  110439.7738  51884.62615  53763.85182  ...
       40290.66314  42370.13417  49117.67309  46251.81341  78911.26378];
DecNW = [24455.87638  48079.96435  155652.257  24254.82031  32374.08047   ...
23689.75548  180057.0587  189136.1994  91337.82591  102100.8112  85698.52749   ...
67747.78776  50028.91107  48702.58959  16264.46304  0  30626.18982   ...
195239.2239  22822.29583  103388.2186  56208.14232  45535.95652  33209.92243   ...
32230.58481  17253.52918  45824.56927  22274.2559  117091.6489  38292.26311   ...
84106.29315  264848.4017  82428.12355  59993.34708]';
%Spot Lease Prices ($/AF)
%Lease prices for "low reservoir" months ? 1763886 TCM (1.43 Million AF)
JanLeasePriceListLowRes = [50  40  40  40  30  28   ...
    20  6.75  7.2  7.2  7.2  30  35  30  30  35  35  7.2  30  7.2  35  35   ...
      30  25  25  30  35  25  25  25  35  35  35  30  25  25  25  7  25  25  ...
       25  38  25  25  25  25  22.5  30  30  22.5  9  30  30  7.2  30  30  ...
       35  45  30  30  30  30  42  42  30  30  30  30  42  30  30]';
FebLeasePriceListLowRes =  [55  50  30  30  30  30  ... 
    30  30  25  20  15  40  30  20  7.2  30  35  7.2  25  25  30  30  35  7.2  ...
       25  25  30  50  35  35  35  35  35  50  35  35  35  35  7.2  7.2  ... 
      25  25  25  25  25  25  30  35  30  7.2  30  30  25  30  25  30  30  ...
       25  25  30  25  25  14  30  30  42  13.5  30  30  45]';
MarLeasePriceListLowRes =  [25  25  25  25  25  25   ...
    25  25  25  20  20  20  20  20  20  20  15  15  15  15  15  30  30  30  ... 
      30  30  30  30  20  20  50  30  50  30  30  35  35  30  30  7.2  35  35  ...
       35  35  25  35  30  7.2  35  35  35  25  38  30  25  25  25  25  ...  
      25  38  25  13.5  38  25  25  25  25  25  25  25  36  36  25  38  45  ... 
      45  22.5  30  30  30  9  30  30  25  38  38  30  7.2  45  35  35  35  ...
       7.2]';
AprLeasePriceListLowRes =  [25  25  25  25  25  25   ...
    25  25  25  25  25  25  20  20  20  20  15  15  15  15  15  12  12  12  ... 
      50  50  20  15  10  25  25  30  50  25  25  30  30  30  25  55  20  30   ...
      7.2  7.2  30  7.2  50  25  35  35  25  38  25  38  38  38  38  25  ... 
      25  25  25  25  30  7.2  30  38  25  7.2  25  25  25  25  25  25  30   ...
      25  25  25  25  25  25  25  25  25  25  25  30  30  7.2  45  30  30  ...
       30  30  30  9  9  30  25  30  7.2  45  30  40  30  22.5  45  45   ...
      45  25]';
MayLeasePriceListLowRes =  [30  30  30  25  25  25  25  25  25  25  25  25  25  ...
       25  25  20  20  20  20  20  17.5  17.5  17.5  15  15  15  15  12.5  ... 
      12  12  12  12  10  50  30  30  25  50  55  7.2  30  30  28  25  30  30  ...
       25  30  50  50  55  7  7  30  50  40  25  30  30  50  25  25  20  35  ... 
      35  35  35  35  35  7.2  30  29.88  30  35  35  35  25  25  25  25  30   ...
      38  40  25  25  25  60  25  25  25  25  25  25  30  25  25  13.5  ... 
      45  45  45  30  9  45  45  45  45  45  25  7.2  ... 
25  45  45  30  25  25  25  45  25  25  25  25  25  7.2  9]';
