Year,OT Departure%,Late Arrival%,OT Arrival%,Cancelled%,Diverted%,#Flights
2002.7273,89.99,11.07,87.95,0.86,0.12,429996
2003.2727,89.17,11.83,86.84,1.2,0.13,527303
2003.8182,89.41,12.56,86.39,0.92,0.13,552370
2003.7273,88.9,12.77,85.63,1.46,0.15,527714
1995.7273,89.04,13.15,85.58,1.16,0.11,429774
2002.9091,88.42,13.8,85.21,0.89,0.11,415024
1997.7273,88.68,13.37,85.03,1.43,0.17,444431
2003.3636,88.37,14.11,84.93,0.81,0.15,533782
2001.8182,85.16,13.51,84.78,1.54,0.17,443796
2001.9091,86.54,14.06,84.71,1.08,0.16,417386
2002.0909,87.47,14.12,84.69,1.08,0.1,399535
2002.8182,87.57,14.7,84.18,1.02,0.11,446590
2004.7273,85.84,12.84,83.91,3.07,0.18,585125
2005.3636,85.83,15.23,83.67,0.96,0.14,614802
2005.2727,85.9,15.16,83.44,1.27,0.13,594492
2003,86.46,15.01,83.32,1.51,0.16,552109
1998.9091,86.38,15.09,83.29,1.47,0.15,436528
1997.3636,86.96,15.54,83.16,1.13,0.17,457361
2004.2727,86.13,16.08,83.04,0.77,0.11,582970
2002.3636,86.17,16.13,82.76,0.99,0.13,450046
2005.7273,84.91,15.19,82.66,2.01,0.14,574253
2002.6364,85,16.05,82.62,1.14,0.18,466764
2002.2727,86.07,16.23,82.58,1.03,0.16,438141
2003.1818,85.99,15.54,82.57,1.71,0.18,559342
2003.4545,85.91,16.66,82.36,0.78,0.2,536496
1995.8182,85.94,16.66,82.09,1.09,0.15,448017
1998.8182,85.28,16.35,81.75,1.71,0.19,457954
1997.8182,85.76,16.68,81.55,1.64,0.13,459247
2001.3636,84.55,16.59,81.47,1.78,0.16,529940
1999.9091,84.16,16.74,81.41,1.68,0.16,454950
1995.2727,85.82,17.2,81.3,1.32,0.17,441074
2004.1818,84.72,17.3,81.29,1.26,0.15,601412
2005.8182,83.34,16.86,81.26,1.77,0.12,592712
2002,84.72,17.19,81.02,1.67,0.11,436336
2004.8182,84.4,17.76,81,1.1,0.14,610037
1995.3636,85.58,17.71,80.68,1.43,0.18,448341
2002,82.3,18.63,80.22,1.01,0.14,429869
2003.9091,84.97,18.21,80.2,1.4,0.19,528171
1996.2727,84.48,18.38,80.18,1.27,0.17,436007
1995.5455,83.75,18.39,80.08,1.29,0.24,449856
1999.8182,83.54,17.77,80.06,2.04,0.13,478294
2005.9091,82.89,18.82,80.03,0.99,0.16,566138
1995.6364,83.34,18.27,79.85,1.66,0.22,457423
1997.2727,84.01,18.38,79.85,1.58,0.19,447294
2002.5455,82.29,18.75,79.66,1.34,0.24,465573
2003.5455,83.46,18.72,79.66,1.4,0.22,558568
1999.7273,83.28,17.17,79.35,3.31,0.17,460251
1995.1818,83.49,18.95,79.3,1.59,0.16,461503
2001.2727,82.31,18.31,79.29,2.22,0.18,514187
1998.2727,83.4,19.09,79.12,1.57,0.22,442644
2004.9091,82.11,19.45,79.12,1.26,0.18,584610
2003.6364,83.2,19.09,79,1.64,0.27,556984
1998.7273,81.44,13.51,78.94,7.41,0.15,443901
1996.3636,83.49,19.29,78.92,1.57,0.22,448923
1995.0909,82.86,18.53,78.91,2.38,0.18,418312
1999.0909,82.14,17.43,78.91,3.48,0.19,417627
1998.5455,81.7,18.89,78.86,2.02,0.23,462429
2006,80.99,19.32,78.76,1.68,0.24,581287
1996.7273,84.03,19.34,78.69,1.76,0.21,438352
2002.4545,81.6,19.42,78.64,1.71,0.23,448333
2002.1818,82.11,19.9,78.59,1.35,0.17,447896
1997.6364,82.68,19.73,78.56,1.48,0.23,466608
2006.2727,80.78,20.28,78.41,1.13,0.18,585359
2003,81.08,19.71,78.34,1.72,0.22,427125
2004.6364,81.33,19.88,78.29,1.63,0.2,623107
2006.3636,80.52,20.35,78.27,1.17,0.21,602919
1997.9091,83.38,20.02,78.22,1.55,0.2,432725
2001.5455,81.04,19.56,78.12,2.1,0.22,538440
1997.1818,82.16,19.88,78.1,1.81,0.21,460986
2000.7273,82.03,19.45,78.1,2.24,0.21,463097
1999.1818,81.37,19.03,78.09,2.66,0.22,466267
2000,81.58,20.07,78,1.74,0.19,469944
1996.9091,82.56,19.65,77.91,2.19,0.24,435088
1995.9091,81.48,20.49,77.85,1.47,0.19,427091
2004.3636,81.74,20.36,77.62,1.75,0.28,594457
2005.0909,81.11,20.52,77.58,1.74,0.16,545332
1997.5455,82.29,20.54,77.5,1.69,0.28,466771
1998.3636,81.73,20.21,77.48,2.09,0.21,449293
2004.0909,82,20.68,77.48,1.71,0.13,553876
1996.8182,82.76,20.82,77.19,1.74,0.25,456577
1998.6364,80.62,19.56,77.03,3.16,0.25,465910
2000.1818,80.73,20.68,76.99,2.12,0.21,482944
2005.1818,79.77,21.28,76.94,1.65,0.14,617540
2003.0909,80.79,19.21,76.54,4,0.25,500205
2006.9091,79.97,21.66,76.52,1.63,0.18,586197
2006.7273,80.41,21.87,76.22,1.7,0.21,584937
1999.3636,81.16,21,76.19,2.57,0.25,462054
2001.6364,79.86,21.08,76.18,2.45,0.29,544351
1997.4545,81.41,22.04,76.14,1.51,0.32,450737
2006.1818,78.57,22.45,76.12,1.25,0.17,605217
1999.6364,80.23,21.21,76.11,2.44,0.23,479549
2000.8182,80.17,21.6,76.07,2.13,0.19,485761
2004,80.33,21.72,76.04,2.09,0.15,555495
2004.5455,79.07,22.14,75.95,1.65,0.26,614166
1995.4545,81.7,22.53,75.94,1.32,0.21,439423
1996.1818,79.84,21.87,75.94,1.98,0.21,449569
1998.1818,80.26,21.76,75.85,2.14,0.25,459703
2006.6364,78.46,22.39,75.8,1.56,0.25,628732
1999.2727,81.05,22.05,75.73,1.98,0.24,450620
2001,78.72,20.64,75.42,3.75,0.18,529940
1998.0909,80.91,21.82,75.39,2.54,0.25,412832
2000.2727,79.74,21.9,75.37,2.51,0.22,463263
2006.0909,78.47,22.33,75.3,2.13,0.25,531247
1996.5455,79.97,22.42,75.29,2.04,0.26,458376
2001.1818,78.26,21.24,75.22,3.37,0.17,531119
1997.0909,80.37,22.51,75.21,2.07,0.2,415656
2005.4545,78.06,22.94,75.2,1.63,0.23,609195
2001.4545,78.73,21.52,75.18,2.98,0.32,520230
2005.6364,77.92,22.42,75.16,2.13,0.29,630904
1998,79.9,21.59,75.05,3.07,0.28,452001
2004,79.68,21.96,74.85,3.02,0.17,583987
2000.0909,78.89,21.58,74.76,3.42,0.24,444499
1996.6364,79.98,23.34,74.69,1.72,0.25,462294
1996.4545,79.57,23.24,74.67,1.81,0.28,443311
2000.3636,78.34,22.01,74.25,3.45,0.28,478909
1995,78.39,22.82,73.83,3.07,0.29,464933
2000,78.26,20.77,73.75,5.21,0.28,470477
2006.5455,75.91,24.27,73.7,1.73,0.3,621244
1998,78.64,24.38,73.54,1.82,0.26,450904
1999,76.89,24.27,73.22,2.18,0.34,455099
2004.4545,77.36,25.26,72.95,1.49,0.29,588792
2006.8182,77.76,25.02,72.91,1.86,0.2,611718
2006.4545,75.36,25.18,72.83,1.69,0.3,598315
2000.9091,77.21,24.67,72.82,2.34,0.17,467251
2001.0909,77.17,23.31,72.73,3.65,0.3,477824
1996.0909,76.44,24.3,71.9,3.47,0.33,420265
2005,74.46,25.39,71.56,2.82,0.23,606731
2005,75.17,24.09,71.39,4.22,0.3,594924
1999.5455,75.98,25.44,71.07,3.14,0.35,474047
2006,74.25,26.92,71.01,1.88,0.19,572343
2005.5455,73.89,26.56,70.92,2.21,0.32,627961
1999.4545,76.68,26.02,70.88,2.75,0.35,460467
2007,73.28,25.98,70.8,2.99,0.23,604758
1998.4545,75.47,26.3,70.42,2.88,0.4,446427
2000.5455,74.31,26.21,70.31,3.21,0.27,483342
2000.6364,74.56,26.71,69.96,3.05,0.28,491366
1997,74.19,27.32,68.41,3.95,0.32,459123
1999,71.95,26.04,67.66,5.85,0.45,453814
1996,71.62,29.21,67.66,2.87,0.26,441688
2001.7273,68.53,11.82,67.66,20.24,0.28,490698
1997,71.37,30.36,66.63,2.7,0.32,455997
2000.4545,71.11,29.37,66.34,3.95,0.34,471100
2001,66.52,30.99,62.75,5.95,0.31,481038
1996,68.49,30.28,62.67,6.62,0.44,447224
