# Created by Octave 3.2.4, Mon Jul 02 15:30:50 2012 CEST <burak@LH201-Laptop>
# name: thcov
# type: matrix
# rows: 6
# columns: 6
 2.24945841722699 -0.01039869668667726 -0.02574347159535983 -0.06246057398095983 -0.06043113278013945 0.02623139089738391
 -0.01039869668667726 0.001681671531505842 -0.0003522638411496328 -8.337043058036578e-05 -6.457424027662105e-05 0.001094786318966333
 -0.02574347159535983 -0.0003522638411496328 0.003355049708126165 -5.584949085245261e-05 -0.0003791497594971133 -0.0006999082192550438
 -0.06246057398095983 -8.337043058036578e-05 -5.584949085245261e-05 0.007609626365163442 0.0001373009258236815 -0.001468104161237826
 -0.06043113278013945 -6.457424027662105e-05 -0.0003791497594971133 0.0001373009258236815 0.006687023696047484 -0.001273993194108647
 0.02623139089738391 0.001094786318966333 -0.0006999082192550438 -0.001468104161237826 -0.001273993194108647 0.02728988812601646
