p = [ 1.500 0.000
1.500 0.500
0.000 0.500
0.000 0.000
0.200 0.250
0.300 0.150
0.400 0.250
0.300 0.350
0.229 0.179
0.371 0.179
0.371 0.321
0.229 0.321
1.500 0.125
1.500 0.250
1.500 0.375
1.350 0.500
1.200 0.500
1.050 0.500
0.900 0.500
0.750 0.500
0.600 0.500
0.450 0.500
0.300 0.500
0.150 0.500
0.000 0.125
0.000 0.250
0.000 0.375
0.150 0.000
0.300 0.000
0.450 0.000
0.600 0.000
0.750 0.000
0.900 0.000
1.050 0.000
1.200 0.000
1.350 0.000
0.997 0.255
0.634 0.261
1.255 0.242
0.089 0.331
0.089 0.169
0.234 0.433
0.368 0.067
0.234 0.066
0.375 0.420
1.418 0.084
1.417 0.415
0.823 0.376
0.820 0.131
0.509 0.323
0.527 0.181
1.078 0.300
1.108 0.122
1.315 0.367
1.318 0.128
0.081 0.083
0.081 0.417
0.118 0.250
0.170 0.116
0.170 0.384
0.300 0.409
0.301 0.087
0.977 0.369
0.669 0.373
0.976 0.140
0.651 0.141
1.372 0.248
1.148 0.226
1.181 0.338
0.556 0.259
0.890 0.255
1.206 0.146
0.452 0.386
0.435 0.119
0.533 0.087
0.159 0.193
0.159 0.307
0.247 0.382
0.247 0.117
0.349 0.374
0.355 0.118
1.421 0.332
0.751 0.256
1.098 0.401
1.062 0.210
1.421 0.166
0.479 0.254
0.436 0.317
0.582 0.323
0.544 0.400
0.592 0.212
0.444 0.197
0.396 0.364
1.500 0.062
1.500 0.188
1.500 0.312
1.500 0.438
1.425 0.500
1.275 0.500
1.125 0.500
0.975 0.500
0.825 0.500
0.675 0.500
0.525 0.500
0.375 0.500
0.225 0.500
0.075 0.500
0.000 0.062
0.000 0.188
0.000 0.312
0.000 0.438
0.075 0.000
0.225 0.000
0.375 0.000
0.525 0.000
0.675 0.000
0.825 0.000
0.975 0.000
1.125 0.000
1.275 0.000
1.425 0.000
0.208 0.212
0.262 0.158
0.338 0.158
0.392 0.212
0.392 0.288
0.338 0.342
0.262 0.342
0.208 0.288
0.050 0.297
0.044 0.349
0.044 0.151
0.050 0.203
0.255 0.460
0.205 0.458
0.346 0.039
0.397 0.043
0.205 0.042
0.255 0.039
0.403 0.453
0.348 0.456
1.449 0.049
1.457 0.099
1.391 0.048
1.448 0.450
1.457 0.400
1.390 0.451
0.861 0.438
0.787 0.438
0.784 0.066
0.860 0.066
1.032 0.278
1.081 0.063
1.147 0.068
1.327 0.441
1.259 0.428
1.282 0.301
1.374 0.399
1.263 0.069
1.329 0.057
1.286 0.189
1.376 0.099
0.051 0.049
0.043 0.099
0.106 0.049
0.084 0.123
0.051 0.451
0.106 0.451
0.043 0.401
0.084 0.377
0.158 0.250
0.069 0.250
0.099 0.288
0.099 0.212
0.201 0.150
0.159 0.064
0.126 0.141
0.204 0.083
0.121 0.096
0.201 0.350
0.159 0.436
0.126 0.359
0.204 0.416
0.121 0.404
0.300 0.379
0.301 0.445
0.267 0.425
0.335 0.419
0.301 0.118
0.301 0.052
0.335 0.074
0.267 0.073
1.011 0.440
0.937 0.437
0.987 0.300
0.897 0.374
1.035 0.332
0.711 0.438
0.638 0.442
0.655 0.308
0.749 0.376
0.936 0.067
1.011 0.066
0.985 0.210
0.896 0.133
1.047 0.124
0.629 0.060
0.705 0.067
0.650 0.213
0.742 0.133
0.579 0.157
1.429 0.249
1.314 0.246
1.343 0.300
1.345 0.194
1.200 0.235
1.115 0.265
1.130 0.175
1.193 0.406
1.221 0.292
1.127 0.319
1.242 0.356
1.166 0.279
0.593 0.261
0.533 0.290
0.542 0.224
0.952 0.255
0.857 0.314
0.856 0.194
0.927 0.311
0.926 0.198
1.205 0.091
1.230 0.188
1.162 0.131
1.251 0.135
1.179 0.183
0.453 0.432
0.415 0.409
0.483 0.356
0.402 0.152
0.445 0.066
0.399 0.084
0.484 0.147
0.501 0.050
0.561 0.050
0.532 0.129
0.581 0.104
0.488 0.100
0.176 0.218
0.189 0.186
0.129 0.182
0.140 0.217
0.162 0.161
0.176 0.282
0.189 0.314
0.129 0.318
0.140 0.282
0.162 0.339
0.269 0.368
0.237 0.357
0.240 0.406
0.216 0.382
0.270 0.395
0.270 0.131
0.237 0.142
0.240 0.093
0.217 0.117
0.271 0.103
0.329 0.365
0.358 0.353
0.359 0.394
0.329 0.390
0.331 0.132
0.364 0.143
0.362 0.094
0.331 0.104
0.386 0.118
1.451 0.298
1.458 0.348
1.417 0.373
1.378 0.344
1.399 0.295
0.686 0.258
0.786 0.315
0.783 0.195
0.716 0.314
0.711 0.199
0.820 0.255
1.139 0.438
1.078 0.445
1.087 0.353
1.048 0.390
1.138 0.376
1.029 0.231
1.069 0.250
1.079 0.171
1.030 0.181
1.101 0.216
1.458 0.151
1.451 0.201
1.418 0.125
1.380 0.152
1.400 0.202
0.441 0.253
0.495 0.288
0.501 0.221
0.518 0.256
0.422 0.285
0.404 0.317
0.471 0.320
0.446 0.350
0.457 0.286
0.608 0.298
0.548 0.324
0.614 0.342
0.570 0.292
0.569 0.447
0.506 0.446
0.525 0.360
0.601 0.394
0.494 0.397
0.569 0.357
0.609 0.228
0.571 0.199
0.609 0.191
0.577 0.230
0.425 0.220
0.413 0.187
0.477 0.189
0.442 0.165
0.461 0.222
0.386 0.345
0.390 0.389
0.419 0.374
0.373 0.370
0.414 0.345]';
e = [ 1 94 0.000 0.125 1 1 0
13 95 0.250 0.375 1 1 0
14 96 0.500 0.625 1 1 0
15 97 0.750 0.875 1 1 0
2 98 0.000 0.050 2 1 0
16 99 0.100 0.150 2 1 0
17 100 0.200 0.250 2 1 0
18 101 0.300 0.350 2 1 0
19 102 0.400 0.450 2 1 0
20 103 0.500 0.550 2 1 0
21 104 0.600 0.650 2 1 0
22 105 0.700 0.750 2 1 0
23 106 0.800 0.850 2 1 0
24 107 0.900 0.950 2 1 0
4 108 0.000 0.125 3 0 1
25 109 0.250 0.375 3 0 1
26 110 0.500 0.625 3 0 1
27 111 0.750 0.875 3 0 1
4 112 0.000 0.050 4 1 0
28 113 0.100 0.150 4 1 0
29 114 0.200 0.250 4 1 0
30 115 0.300 0.350 4 1 0
31 116 0.400 0.450 4 1 0
32 117 0.500 0.550 4 1 0
33 118 0.600 0.650 4 1 0
34 119 0.700 0.750 4 1 0
35 120 0.800 0.850 4 1 0
36 121 0.900 0.950 4 1 0
5 122 0.000 0.250 5 0 1
9 123 0.500 0.750 5 0 1
6 124 0.000 0.250 5 0 1
10 125 0.500 0.750 5 0 1
7 126 0.000 0.250 5 0 1
11 127 0.500 0.750 5 0 1
8 128 0.000 0.250 5 0 1
12 129 0.500 0.750 5 0 1
94 13 0.125 0.250 1 1 0
95 14 0.375 0.500 1 1 0
96 15 0.625 0.750 1 1 0
97 2 0.875 1.000 1 1 0
98 16 0.050 0.100 2 1 0
99 17 0.150 0.200 2 1 0
100 18 0.250 0.300 2 1 0
101 19 0.350 0.400 2 1 0
102 20 0.450 0.500 2 1 0
103 21 0.550 0.600 2 1 0
104 22 0.650 0.700 2 1 0
105 23 0.750 0.800 2 1 0
106 24 0.850 0.900 2 1 0
107 3 0.950 1.000 2 1 0
108 25 0.125 0.250 3 0 1
109 26 0.375 0.500 3 0 1
110 27 0.625 0.750 3 0 1
111 3 0.875 1.000 3 0 1
112 28 0.050 0.100 4 1 0
113 29 0.150 0.200 4 1 0
114 30 0.250 0.300 4 1 0
115 31 0.350 0.400 4 1 0
116 32 0.450 0.500 4 1 0
117 33 0.550 0.600 4 1 0
118 34 0.650 0.700 4 1 0
119 35 0.750 0.800 4 1 0
120 36 0.850 0.900 4 1 0
121 1 0.950 1.000 4 1 0
122 9 0.250 0.500 5 0 1
123 6 0.750 1.000 5 0 1
124 10 0.250 0.500 5 0 1
125 7 0.750 1.000 5 0 1
126 11 0.250 0.500 5 0 1
127 8 0.750 1.000 5 0 1
128 12 0.250 0.500 5 0 1
129 5 0.750 1.000 5 0 1]';
