p = [ 1.500 0.000
1.500 0.500
0.000 0.500
0.000 0.000
0.200 0.250
0.300 0.150
0.400 0.250
0.300 0.350
0.229 0.179
0.371 0.179
0.371 0.321
0.229 0.321
1.500 0.125
1.500 0.250
1.500 0.375
1.350 0.500
1.200 0.500
1.050 0.500
0.900 0.500
0.750 0.500
0.600 0.500
0.450 0.500
0.300 0.500
0.150 0.500
0.000 0.125
0.000 0.250
0.000 0.375
0.150 0.000
0.300 0.000
0.450 0.000
0.600 0.000
0.750 0.000
0.900 0.000
1.050 0.000
1.200 0.000
1.350 0.000
0.997 0.255
0.633 0.261
1.255 0.242
0.089 0.331
0.089 0.169
0.234 0.433
0.368 0.067
0.234 0.066
0.375 0.420
1.418 0.084
1.417 0.414
0.823 0.376
0.820 0.131
0.509 0.323
0.526 0.181
1.078 0.299
1.108 0.122
1.315 0.367
1.318 0.128
0.081 0.083
0.081 0.417
0.118 0.250
0.170 0.116
0.170 0.383
0.300 0.409
0.301 0.087
0.977 0.369
0.669 0.373
0.976 0.140
0.651 0.141
1.371 0.248
1.148 0.226
1.181 0.338
0.555 0.259
0.889 0.255
1.205 0.146
0.452 0.386
0.435 0.119
0.533 0.087
0.159 0.193
0.159 0.307
0.247 0.382
0.247 0.117
0.349 0.374
0.355 0.118
1.421 0.332
0.751 0.256
1.098 0.400
1.062 0.210
1.421 0.166
0.478 0.255
0.436 0.317
0.582 0.323
0.544 0.400
0.591 0.213
0.444 0.197
0.396 0.364
1.500 0.062
1.500 0.188
1.500 0.312
1.500 0.438
1.425 0.500
1.275 0.500
1.125 0.500
0.975 0.500
0.825 0.500
0.675 0.500
0.525 0.500
0.375 0.500
0.225 0.500
0.075 0.500
0.000 0.062
0.000 0.188
0.000 0.312
0.000 0.438
0.075 0.000
0.225 0.000
0.375 0.000
0.525 0.000
0.675 0.000
0.825 0.000
0.975 0.000
1.125 0.000
1.275 0.000
1.425 0.000
0.208 0.212
0.262 0.158
0.338 0.158
0.392 0.212
0.392 0.288
0.338 0.342
0.262 0.342
0.208 0.288
0.051 0.297
0.045 0.349
0.045 0.151
0.051 0.203
0.255 0.459
0.205 0.457
0.346 0.040
0.397 0.043
0.205 0.043
0.255 0.040
0.403 0.452
0.348 0.456
1.448 0.049
1.457 0.099
1.391 0.048
1.448 0.450
1.457 0.400
1.391 0.451
0.861 0.438
0.787 0.438
0.784 0.066
0.860 0.066
1.032 0.277
1.081 0.063
1.147 0.069
1.327 0.441
1.258 0.428
1.281 0.300
1.375 0.399
1.263 0.069
1.329 0.057
1.285 0.189
1.376 0.099
0.051 0.049
0.044 0.099
0.106 0.049
0.084 0.123
0.051 0.451
0.106 0.450
0.044 0.401
0.084 0.377
0.158 0.250
0.070 0.250
0.099 0.288
0.099 0.212
0.201 0.150
0.159 0.065
0.126 0.141
0.205 0.083
0.121 0.096
0.201 0.349
0.159 0.435
0.126 0.358
0.205 0.416
0.121 0.404
0.300 0.380
0.301 0.444
0.267 0.424
0.335 0.419
0.301 0.118
0.301 0.053
0.335 0.074
0.267 0.074
1.011 0.441
0.937 0.437
0.987 0.299
0.896 0.374
1.035 0.331
0.711 0.439
0.637 0.442
0.654 0.307
0.749 0.376
0.936 0.067
1.011 0.065
0.985 0.210
0.895 0.133
1.048 0.124
0.629 0.059
0.706 0.066
0.650 0.214
0.743 0.133
0.577 0.158
1.428 0.249
1.314 0.245
1.343 0.299
1.345 0.194
1.200 0.235
1.115 0.265
1.130 0.175
1.193 0.405
1.221 0.292
1.127 0.318
1.241 0.355
1.165 0.279
0.592 0.262
0.532 0.291
0.541 0.225
0.952 0.255
0.857 0.314
0.856 0.194
0.926 0.311
0.925 0.198
1.205 0.093
1.229 0.188
1.163 0.131
1.250 0.135
1.179 0.183
0.453 0.431
0.415 0.409
0.483 0.356
0.402 0.152
0.445 0.067
0.399 0.084
0.484 0.147
0.501 0.051
0.561 0.050
0.532 0.129
0.580 0.103
0.489 0.100
0.175 0.218
0.189 0.185
0.129 0.182
0.140 0.217
0.162 0.162
0.175 0.282
0.189 0.314
0.129 0.318
0.140 0.283
0.162 0.338
0.269 0.368
0.237 0.358
0.240 0.405
0.217 0.382
0.270 0.395
0.269 0.131
0.237 0.142
0.240 0.093
0.217 0.117
0.271 0.103
0.329 0.365
0.358 0.353
0.358 0.394
0.329 0.390
0.332 0.131
0.364 0.142
0.362 0.094
0.331 0.104
0.386 0.118
1.450 0.298
1.457 0.348
1.418 0.373
1.379 0.344
1.399 0.295
0.686 0.259
0.786 0.315
0.783 0.195
0.716 0.314
0.711 0.200
0.820 0.255
1.138 0.437
1.078 0.445
1.087 0.353
1.048 0.390
1.137 0.376
1.029 0.231
1.069 0.250
1.079 0.171
1.030 0.181
1.100 0.216
1.458 0.151
1.450 0.201
1.418 0.125
1.380 0.153
1.400 0.201
0.441 0.253
0.494 0.288
0.500 0.221
0.517 0.256
0.422 0.285
0.404 0.317
0.471 0.320
0.446 0.350
0.457 0.286
0.608 0.298
0.548 0.324
0.613 0.342
0.570 0.293
0.569 0.447
0.506 0.445
0.525 0.359
0.600 0.394
0.494 0.396
0.569 0.357
0.609 0.228
0.571 0.200
0.608 0.193
0.577 0.231
0.426 0.220
0.413 0.187
0.476 0.189
0.442 0.166
0.461 0.222
0.386 0.345
0.390 0.388
0.419 0.374
0.373 0.370
0.414 0.345
1.500 0.031
1.500 0.156
1.500 0.281
1.500 0.406
1.462 0.500
1.312 0.500
1.163 0.500
1.013 0.500
0.863 0.500
0.712 0.500
0.562 0.500
0.412 0.500
0.263 0.500
0.112 0.500
0.000 0.031
0.000 0.156
0.000 0.281
0.000 0.406
0.037 0.000
0.188 0.000
0.337 0.000
0.487 0.000
0.637 0.000
0.788 0.000
0.938 0.000
1.088 0.000
1.237 0.000
1.388 0.000
0.202 0.230
0.244 0.167
0.320 0.152
0.383 0.194
0.398 0.270
0.356 0.333
0.280 0.348
0.217 0.306
1.500 0.094
1.500 0.219
1.500 0.344
1.500 0.469
1.387 0.500
1.238 0.500
1.087 0.500
0.938 0.500
0.788 0.500
0.638 0.500
0.487 0.500
0.338 0.500
0.188 0.500
0.038 0.500
0.000 0.094
0.000 0.219
0.000 0.344
0.000 0.469
0.112 0.000
0.262 0.000
0.413 0.000
0.562 0.000
0.712 0.000
0.862 0.000
1.013 0.000
1.162 0.000
1.312 0.000
1.462 0.000
0.217 0.194
0.280 0.152
0.356 0.167
0.398 0.230
0.383 0.306
0.320 0.348
0.244 0.333
0.202 0.270
0.029 0.276
0.070 0.315
0.025 0.303
0.022 0.361
0.067 0.339
0.023 0.332
0.047 0.323
0.022 0.139
0.067 0.161
0.023 0.168
0.029 0.224
0.070 0.185
0.025 0.197
0.047 0.177
0.273 0.477
0.242 0.444
0.243 0.479
0.182 0.474
0.222 0.443
0.212 0.478
0.230 0.460
0.327 0.023
0.359 0.055
0.358 0.021
0.420 0.026
0.380 0.057
0.389 0.022
0.371 0.040
0.182 0.025
0.222 0.056
0.212 0.021
0.273 0.023
0.242 0.055
0.243 0.020
0.230 0.039
0.423 0.472
0.387 0.435
0.391 0.476
0.328 0.475
0.364 0.437
0.359 0.477
0.375 0.456
1.471 0.027
1.431 0.069
1.475 0.054
1.439 0.025
1.479 0.111
1.436 0.091
1.477 0.083
1.454 0.074
1.372 0.025
1.407 0.069
1.406 0.024
1.420 0.047
1.471 0.473
1.430 0.430
1.475 0.445
1.439 0.475
1.478 0.389
1.435 0.408
1.477 0.417
1.454 0.425
1.372 0.474
1.406 0.430
1.406 0.475
1.420 0.452
0.881 0.469
0.842 0.407
0.843 0.469
0.768 0.469
0.805 0.407
0.806 0.469
0.824 0.438
0.767 0.033
0.802 0.099
0.805 0.033
0.880 0.033
0.840 0.099
0.842 0.033
0.822 0.066
1.012 0.265
1.054 0.289
1.066 0.032
1.095 0.093
1.102 0.032
1.171 0.039
1.126 0.096
1.137 0.034
1.115 0.065
1.337 0.472
1.320 0.407
1.302 0.469
1.360 0.447
1.231 0.459
1.285 0.398
1.266 0.465
1.293 0.435
1.268 0.270
1.296 0.331
1.399 0.408
1.348 0.386
1.380 0.425
1.352 0.418
1.234 0.039
1.290 0.097
1.268 0.034
1.338 0.027
1.323 0.089
1.303 0.030
1.361 0.052
1.296 0.063
1.270 0.216
1.300 0.161
1.400 0.090
1.350 0.111
1.381 0.073
1.353 0.080
0.029 0.027
0.069 0.069
0.025 0.054
0.061 0.025
0.022 0.111
0.064 0.090
0.023 0.082
0.044 0.125
0.046 0.074
0.125 0.028
0.091 0.068
0.093 0.025
0.079 0.047
0.086 0.146
0.083 0.101
0.065 0.136
0.064 0.112
0.029 0.473
0.069 0.431
0.061 0.475
0.025 0.446
0.125 0.472
0.091 0.432
0.093 0.475
0.079 0.452
0.022 0.389
0.064 0.410
0.023 0.418
0.044 0.375
0.046 0.426
0.086 0.354
0.083 0.399
0.065 0.364
0.064 0.388
0.177 0.250
0.138 0.250
0.041 0.250
0.095 0.250
0.059 0.272
0.059 0.228
0.093 0.309
0.108 0.268
0.076 0.292
0.085 0.270
0.093 0.191
0.108 0.232
0.076 0.208
0.085 0.230
0.214 0.164
0.187 0.135
0.155 0.037
0.164 0.090
0.181 0.051
0.133 0.055
0.107 0.154
0.146 0.129
0.105 0.132
0.221 0.073
0.188 0.097
0.203 0.063
0.183 0.075
0.099 0.089
0.144 0.105
0.115 0.073
0.103 0.110
0.139 0.081
0.124 0.119
0.214 0.336
0.187 0.364
0.155 0.462
0.164 0.410
0.181 0.448
0.133 0.444
0.107 0.345
0.146 0.371
0.105 0.368
0.221 0.426
0.188 0.403
0.203 0.436
0.183 0.425
0.099 0.411
0.144 0.395
0.115 0.427
0.103 0.390
0.139 0.419
0.124 0.381
0.300 0.366
0.300 0.394
0.301 0.467
0.301 0.425
0.279 0.454
0.323 0.452
0.249 0.430
0.284 0.417
0.262 0.441
0.282 0.434
0.355 0.421
0.317 0.415
0.341 0.436
0.320 0.432
0.300 0.133
0.301 0.103
0.300 0.031
0.301 0.071
0.322 0.044
0.279 0.044
0.353 0.070
0.317 0.080
0.339 0.058
0.319 0.063
0.249 0.069
0.284 0.080
0.262 0.057
0.282 0.063
1.030 0.471
0.994 0.408
0.993 0.470
0.918 0.469
0.956 0.405
0.956 0.469
0.899 0.437
0.974 0.438
0.992 0.274
0.982 0.330
1.011 0.289
0.859 0.375
0.935 0.373
0.879 0.406
0.917 0.405
1.057 0.315
1.010 0.348
1.033 0.303
1.010 0.317
0.731 0.469
0.691 0.407
0.693 0.470
0.749 0.438
0.619 0.472
0.654 0.411
0.656 0.471
0.674 0.440
