

 1.5000e-02   1.7341e-01   2.6438e-02
 7.5000e-03   5.5018e-02   9.2728e-03
 3.7500e-03   2.0664e-02   3.7367e-03
 1.8750e-03   7.0183e-03   1.6321e-03
 9.3750e-04   2.7444e-03   7.6640e-04
 4.6875e-04   1.3735e-03   3.7186e-04



limiter = 0

 1.5000e-02   2.9854e-01   5.4936e-02
 7.5000e-03   9.7648e-02   1.3812e-02
 3.7500e-03   2.7956e-02   3.5984e-03
 1.8750e-03   8.3095e-03   1.4261e-03
 9.3750e-04   2.8421e-03   6.9578e-04


LW by modifying rp

 7.5000e-03   8.1938e-02   1.7848e-02
 3.7500e-03   1.9688e-02   4.6037e-03
 1.8750e-03   5.6009e-03   1.2223e-03
 9.3750e-04   1.9733e-03   3.5827e-04
 4.6875e-04   7.8207e-04   1.2508e-04


 7.5000e-03   8.4903e-02   1.7249e-02
 3.7500e-03   2.1142e-02   4.2928e-03
 1.8750e-03   5.0244e-03   1.0333e-03
 9.3750e-04   1.1804e-03   2.6294e-04
 4.6875e-04   3.1077e-04   7.5693e-05
