0 1 0 0 4 247 111
1 1 0 4 5 245 247
2 1 0 247 245 141 246
3 1 0 111 247 246 110
4 1 0 5 6 250 245
5 1 0 6 7 248 250
6 1 0 250 248 139 249
7 1 0 245 250 249 141
8 1 0 141 249 254 253
9 1 0 249 139 251 254
10 1 0 254 251 118 252
11 1 0 253 254 252 140
12 1 0 110 246 256 109
13 1 0 246 141 253 256
14 1 0 256 253 140 255
15 1 0 109 256 255 108
16 1 0 7 8 259 248
17 1 0 8 9 257 259
18 1 0 259 257 144 258
19 1 0 248 259 258 139
20 1 0 9 10 262 257
21 1 0 10 11 260 262
22 1 0 262 260 142 261
23 1 0 257 262 261 144
24 1 0 144 261 266 265
25 1 0 261 142 263 266
26 1 0 266 263 116 264
27 1 0 265 266 264 143
28 1 0 139 258 268 251
29 1 0 258 144 265 268
30 1 0 268 265 143 267
31 1 0 251 268 267 118
32 1 0 118 267 272 271
33 1 0 267 143 269 272
34 1 0 272 269 148 270
35 1 0 271 272 270 147
36 1 0 143 264 275 269
37 1 0 264 116 273 275
38 1 0 275 273 145 274
39 1 0 269 275 274 148
40 1 0 148 274 279 278
41 1 0 274 145 276 279
42 1 0 279 276 112 277
43 1 0 278 279 277 146
44 1 0 147 270 282 281
45 1 0 270 148 278 282
46 1 0 282 278 146 280
47 1 0 281 282 280 117
48 1 0 108 255 285 107
49 1 0 255 140 283 285
50 1 0 285 283 150 284
51 1 0 107 285 284 106
52 1 0 140 252 287 283
53 1 0 252 118 271 287
54 1 0 287 271 147 286
55 1 0 283 287 286 150
56 1 0 150 286 290 289
57 1 0 286 147 281 290
58 1 0 290 281 117 288
59 1 0 289 290 288 149
60 1 0 106 284 292 105
61 1 0 284 150 289 292
62 1 0 292 289 149 291
63 1 0 105 292 291 104
64 1 0 104 291 295 103
65 1 0 291 149 293 295
66 1 0 295 293 153 294
67 1 0 103 295 294 102
68 1 0 149 288 298 293
69 1 0 288 117 296 298
70 1 0 298 296 151 297
71 1 0 293 298 297 153
72 1 0 153 297 302 301
73 1 0 297 151 299 302
74 1 0 302 299 120 300
75 1 0 301 302 300 152
76 1 0 102 294 304 101
77 1 0 294 153 301 304
78 1 0 304 301 152 303
79 1 0 101 304 303 100
80 1 0 117 280 307 296
81 1 0 280 146 305 307
82 1 0 307 305 156 306
83 1 0 296 307 306 151
84 1 0 146 277 310 305
85 1 0 277 112 308 310
86 1 0 310 308 154 309
87 1 0 305 310 309 156
88 1 0 156 309 314 313
89 1 0 309 154 311 314
90 1 0 314 311 119 312
91 1 0 313 314 312 155
92 1 0 151 306 316 299
93 1 0 306 156 313 316
94 1 0 316 313 155 315
95 1 0 299 316 315 120
96 1 0 120 315 320 319
97 1 0 315 155 317 320
98 1 0 320 317 159 318
99 1 0 319 320 318 158
100 1 0 155 312 323 317
101 1 0 312 119 321 323
102 1 0 323 321 157 322
103 1 0 317 323 322 159
104 1 0 159 322 326 325
105 1 0 322 157 324 326
106 1 0 326 324 89 90
107 1 0 325 326 90 91
108 1 0 158 318 328 327
109 1 0 318 159 325 328
110 1 0 328 325 91 92
111 1 0 327 328 92 93
112 1 0 100 303 331 99
113 1 0 303 152 329 331
114 1 0 331 329 160 330
115 1 0 99 331 330 98
116 1 0 152 300 333 329
117 1 0 300 120 319 333
118 1 0 333 319 158 332
119 1 0 329 333 332 160
120 1 0 160 332 335 334
121 1 0 332 158 327 335
122 1 0 335 327 93 94
123 1 0 334 335 94 95
124 1 0 98 330 336 97
125 1 0 330 160 334 336
126 1 0 336 334 95 96
127 1 0 97 336 96 3
128 1 0 11 12 339 260
129 1 0 12 13 337 339
130 1 0 339 337 163 338
131 1 0 260 339 338 142
132 1 0 13 14 342 337
133 1 0 14 15 340 342
134 1 0 342 340 161 341
135 1 0 337 342 341 163
136 1 0 163 341 346 345
137 1 0 341 161 343 346
138 1 0 346 343 123 344
139 1 0 345 346 344 162
140 1 0 142 338 348 263
141 1 0 338 163 345 348
142 1 0 348 345 162 347
143 1 0 263 348 347 116
144 1 0 15 16 351 340
145 1 0 16 17 349 351
146 1 0 351 349 166 350
147 1 0 340 351 350 161
148 1 0 17 18 354 349
149 1 0 18 19 352 354
150 1 0 354 352 164 353
151 1 0 349 354 353 166
152 1 0 166 353 358 357
153 1 0 353 164 355 358
154 1 0 358 355 121 356
155 1 0 357 358 356 165
156 1 0 161 350 360 343
157 1 0 350 166 357 360
158 1 0 360 357 165 359
159 1 0 343 360 359 123
160 1 0 123 359 364 363
161 1 0 359 165 361 364
162 1 0 364 361 170 362
163 1 0 363 364 362 169
164 1 0 165 356 367 361
165 1 0 356 121 365 367
166 1 0 367 365 167 366
167 1 0 361 367 366 170
168 1 0 170 366 371 370
169 1 0 366 167 368 371
170 1 0 371 368 113 369
171 1 0 370 371 369 168
172 1 0 169 362 374 373
173 1 0 362 170 370 374
174 1 0 374 370 168 372
175 1 0 373 374 372 122
176 1 0 116 347 377 273
177 1 0 347 162 375 377
178 1 0 377 375 172 376
179 1 0 273 377 376 145
180 1 0 162 344 379 375
181 1 0 344 123 363 379
182 1 0 379 363 169 378
183 1 0 375 379 378 172
184 1 0 172 378 382 381
185 1 0 378 169 373 382
186 1 0 382 373 122 380
187 1 0 381 382 380 171
188 1 0 145 376 384 276
189 1 0 376 172 381 384
190 1 0 384 381 171 383
191 1 0 276 384 383 112
192 1 0 112 383 387 308
193 1 0 383 171 385 387
194 1 0 387 385 175 386
195 1 0 308 387 386 154
196 1 0 171 380 390 385
197 1 0 380 122 388 390
198 1 0 390 388 173 389
199 1 0 385 390 389 175
200 1 0 175 389 394 393
201 1 0 389 173 391 394
202 1 0 394 391 125 392
203 1 0 393 394 392 174
204 1 0 154 386 396 311
205 1 0 386 175 393 396
206 1 0 396 393 174 395
207 1 0 311 396 395 119
208 1 0 122 372 399 388
209 1 0 372 168 397 399
210 1 0 399 397 178 398
211 1 0 388 399 398 173
212 1 0 168 369 402 397
213 1 0 369 113 400 402
214 1 0 402 400 176 401
215 1 0 397 402 401 178
216 1 0 178 401 406 405
217 1 0 401 176 403 406
218 1 0 406 403 124 404
219 1 0 405 406 404 177
220 1 0 173 398 408 391
221 1 0 398 178 405 408
222 1 0 408 405 177 407
223 1 0 391 408 407 125
224 1 0 125 407 412 411
225 1 0 407 177 409 412
226 1 0 412 409 181 410
227 1 0 411 412 410 180
228 1 0 177 404 415 409
229 1 0 404 124 413 415
230 1 0 415 413 179 414
231 1 0 409 415 414 181
232 1 0 181 414 418 417
233 1 0 414 179 416 418
234 1 0 418 416 81 82
235 1 0 417 418 82 83
236 1 0 180 410 420 419
237 1 0 410 181 417 420
238 1 0 420 417 83 84
239 1 0 419 420 84 85
240 1 0 119 395 423 321
241 1 0 395 174 421 423
242 1 0 423 421 182 422
243 1 0 321 423 422 157
244 1 0 174 392 425 421
245 1 0 392 125 411 425
246 1 0 425 411 180 424
247 1 0 421 425 424 182
248 1 0 182 424 427 426
249 1 0 424 180 419 427
250 1 0 427 419 85 86
251 1 0 426 427 86 87
252 1 0 157 422 428 324
253 1 0 422 182 426 428
254 1 0 428 426 87 88
255 1 0 324 428 88 89
256 1 0 19 20 431 352
257 1 0 20 21 429 431
258 1 0 431 429 185 430
259 1 0 352 431 430 164
260 1 0 21 22 434 429
261 1 0 22 23 432 434
262 1 0 434 432 183 433
263 1 0 429 434 433 185
264 1 0 185 433 438 437
265 1 0 433 183 435 438
266 1 0 438 435 128 436
267 1 0 437 438 436 184
268 1 0 164 430 440 355
269 1 0 430 185 437 440
270 1 0 440 437 184 439
271 1 0 355 440 439 121
272 1 0 23 24 443 432
273 1 0 24 25 441 443
274 1 0 443 441 188 442
275 1 0 432 443 442 183
276 1 0 25 26 446 441
277 1 0 26 27 444 446
278 1 0 446 444 186 445
279 1 0 441 446 445 188
280 1 0 188 445 450 449
281 1 0 445 186 447 450
282 1 0 450 447 126 448
283 1 0 449 450 448 187
284 1 0 183 442 452 435
285 1 0 442 188 449 452
286 1 0 452 449 187 451
287 1 0 435 452 451 128
288 1 0 128 451 456 455
289 1 0 451 187 453 456
290 1 0 456 453 192 454
291 1 0 455 456 454 191
292 1 0 187 448 459 453
293 1 0 448 126 457 459
294 1 0 459 457 189 458
295 1 0 453 459 458 192
296 1 0 192 458 463 462
297 1 0 458 189 460 463
298 1 0 463 460 114 461
299 1 0 462 463 461 190
300 1 0 191 454 466 465
301 1 0 454 192 462 466
302 1 0 466 462 190 464
303 1 0 465 466 464 127
304 1 0 121 439 469 365
305 1 0 439 184 467 469
306 1 0 469 467 194 468
307 1 0 365 469 468 167
308 1 0 184 436 471 467
309 1 0 436 128 455 471
310 1 0 471 455 191 470
311 1 0 467 471 470 194
312 1 0 194 470 474 473
313 1 0 470 191 465 474
314 1 0 474 465 127 472
315 1 0 473 474 472 193
316 1 0 167 468 476 368
317 1 0 468 194 473 476
318 1 0 476 473 193 475
319 1 0 368 476 475 113
320 1 0 113 475 479 400
321 1 0 475 193 477 479
322 1 0 479 477 197 478
323 1 0 400 479 478 176
324 1 0 193 472 482 477
325 1 0 472 127 480 482
326 1 0 482 480 195 481
327 1 0 477 482 481 197
328 1 0 197 481 486 485
329 1 0 481 195 483 486
330 1 0 486 483 130 484
331 1 0 485 486 484 196
332 1 0 176 478 488 403
333 1 0 478 197 485 488
334 1 0 488 485 196 487
335 1 0 403 488 487 124
336 1 0 127 464 491 480
337 1 0 464 190 489 491
338 1 0 491 489 200 490
339 1 0 480 491 490 195
340 1 0 190 461 494 489
341 1 0 461 114 492 494
342 1 0 494 492 198 493
343 1 0 489 494 493 200
344 1 0 200 493 498 497
345 1 0 493 198 495 498
346 1 0 498 495 129 496
347 1 0 497 498 496 199
348 1 0 195 490 500 483
349 1 0 490 200 497 500
350 1 0 500 497 199 499
351 1 0 483 500 499 130
352 1 0 130 499 504 503
353 1 0 499 199 501 504
354 1 0 504 501 203 502
355 1 0 503 504 502 202
356 1 0 199 496 507 501
357 1 0 496 129 505 507
358 1 0 507 505 201 506
359 1 0 501 507 506 203
360 1 0 203 506 510 509
361 1 0 506 201 508 510
362 1 0 510 508 73 74
363 1 0 509 510 74 75
364 1 0 202 502 512 511
365 1 0 502 203 509 512
366 1 0 512 509 75 76
367 1 0 511 512 76 77
368 1 0 124 487 515 413
369 1 0 487 196 513 515
370 1 0 515 513 204 514
371 1 0 413 515 514 179
372 1 0 196 484 517 513
373 1 0 484 130 503 517
374 1 0 517 503 202 516
375 1 0 513 517 516 204
376 1 0 204 516 519 518
377 1 0 516 202 511 519
378 1 0 519 511 77 78
379 1 0 518 519 78 79
380 1 0 179 514 520 416
381 1 0 514 204 518 520
382 1 0 520 518 79 80
383 1 0 416 520 80 81
384 1 0 27 28 523 444
385 1 0 28 29 521 523
386 1 0 523 521 207 522
387 1 0 444 523 522 186
388 1 0 29 30 526 521
389 1 0 30 31 524 526
390 1 0 526 524 205 525
391 1 0 521 526 525 207
392 1 0 207 525 530 529
393 1 0 525 205 527 530
394 1 0 530 527 133 528
395 1 0 529 530 528 206
396 1 0 186 522 532 447
397 1 0 522 207 529 532
398 1 0 532 529 206 531
399 1 0 447 532 531 126
400 1 0 31 32 535 524
401 1 0 32 33 533 535
402 1 0 535 533 210 534
403 1 0 524 535 534 205
404 1 0 33 34 538 533
405 1 0 34 35 536 538
406 1 0 538 536 208 537
407 1 0 533 538 537 210
408 1 0 210 537 542 541
409 1 0 537 208 539 542
410 1 0 542 539 131 540
411 1 0 541 542 540 209
412 1 0 205 534 544 527
413 1 0 534 210 541 544
414 1 0 544 541 209 543
415 1 0 527 544 543 133
416 1 0 133 543 548 547
417 1 0 543 209 545 548
418 1 0 548 545 214 546
419 1 0 547 548 546 213
420 1 0 209 540 551 545
421 1 0 540 131 549 551
422 1 0 551 549 211 550
423 1 0 545 551 550 214
424 1 0 214 550 555 554
425 1 0 550 211 552 555
426 1 0 555 552 115 553
427 1 0 554 555 553 212
428 1 0 213 546 558 557
429 1 0 546 214 554 558
430 1 0 558 554 212 556
431 1 0 557 558 556 132
432 1 0 126 531 561 457
433 1 0 531 206 559 561
434 1 0 561 559 216 560
435 1 0 457 561 560 189
436 1 0 206 528 563 559
437 1 0 528 133 547 563
438 1 0 563 547 213 562
439 1 0 559 563 562 216
440 1 0 216 562 566 565
441 1 0 562 213 557 566
442 1 0 566 557 132 564
443 1 0 565 566 564 215
444 1 0 189 560 568 460
445 1 0 560 216 565 568
446 1 0 568 565 215 567
447 1 0 460 568 567 114
448 1 0 114 567 571 492
449 1 0 567 215 569 571
450 1 0 571 569 219 570
451 1 0 492 571 570 198
452 1 0 215 564 574 569
453 1 0 564 132 572 574
454 1 0 574 572 217 573
455 1 0 569 574 573 219
456 1 0 219 573 578 577
457 1 0 573 217 575 578
458 1 0 578 575 135 576
459 1 0 577 578 576 218
460 1 0 198 570 580 495
461 1 0 570 219 577 580
462 1 0 580 577 218 579
463 1 0 495 580 579 129
464 1 0 132 556 583 572
465 1 0 556 212 581 583
466 1 0 583 581 222 582
467 1 0 572 583 582 217
468 1 0 212 553 586 581
469 1 0 553 115 584 586
470 1 0 586 584 220 585
471 1 0 581 586 585 222
472 1 0 222 585 590 589
473 1 0 585 220 587 590
474 1 0 590 587 134 588
475 1 0 589 590 588 221
476 1 0 217 582 592 575
477 1 0 582 222 589 592
478 1 0 592 589 221 591
479 1 0 575 592 591 135
480 1 0 135 591 596 595
481 1 0 591 221 593 596
482 1 0 596 593 225 594
483 1 0 595 596 594 224
484 1 0 221 588 599 593
485 1 0 588 134 597 599
486 1 0 599 597 223 598
487 1 0 593 599 598 225
488 1 0 225 598 602 601
489 1 0 598 223 600 602
490 1 0 602 600 65 66
491 1 0 601 602 66 67
492 1 0 224 594 604 603
493 1 0 594 225 601 604
494 1 0 604 601 67 68
495 1 0 603 604 68 69
496 1 0 129 579 607 505
497 1 0 579 218 605 607
498 1 0 607 605 226 606
499 1 0 505 607 606 201
500 1 0 218 576 609 605
501 1 0 576 135 595 609
502 1 0 609 595 224 608
503 1 0 605 609 608 226
504 1 0 226 608 611 610
505 1 0 608 224 603 611
506 1 0 611 603 69 70
507 1 0 610 611 70 71
508 1 0 201 606 612 508
509 1 0 606 226 610 612
510 1 0 612 610 71 72
511 1 0 508 612 72 73
512 1 0 35 36 615 536
513 1 0 36 37 613 615
514 1 0 615 613 229 614
515 1 0 536 615 614 208
516 1 0 37 38 618 613
517 1 0 38 39 616 618
518 1 0 618 616 227 617
519 1 0 613 618 617 229
520 1 0 229 617 622 621
521 1 0 617 227 619 622
522 1 0 622 619 137 620
523 1 0 621 622 620 228
524 1 0 208 614 624 539
525 1 0 614 229 621 624
526 1 0 624 621 228 623
527 1 0 539 624 623 131
528 1 0 39 40 627 616
529 1 0 40 41 625 627
530 1 0 627 625 231 626
531 1 0 616 627 626 227
532 1 0 41 42 629 625
533 1 0 42 1 43 629
534 1 0 629 43 44 628
535 1 0 625 629 628 231
536 1 0 231 628 632 631
537 1 0 628 44 45 632
538 1 0 632 45 46 630
539 1 0 631 632 630 230
540 1 0 227 626 634 619
541 1 0 626 231 631 634
542 1 0 634 631 230 633
543 1 0 619 634 633 137
544 1 0 137 633 638 637
545 1 0 633 230 635 638
546 1 0 638 635 234 636
547 1 0 637 638 636 233
548 1 0 230 630 640 635
549 1 0 630 46 47 640
550 1 0 640 47 48 639
551 1 0 635 640 639 234
552 1 0 234 639 643 642
553 1 0 639 48 49 643
554 1 0 643 49 50 641
555 1 0 642 643 641 232
556 1 0 233 636 646 645
557 1 0 636 234 642 646
558 1 0 646 642 232 644
559 1 0 645 646 644 136
560 1 0 131 623 649 549
561 1 0 623 228 647 649
562 1 0 649 647 236 648
563 1 0 549 649 648 211
564 1 0 228 620 651 647
565 1 0 620 137 637 651
566 1 0 651 637 233 650
567 1 0 647 651 650 236
568 1 0 236 650 654 653
569 1 0 650 233 645 654
570 1 0 654 645 136 652
571 1 0 653 654 652 235
572 1 0 211 648 656 552
573 1 0 648 236 653 656
574 1 0 656 653 235 655
575 1 0 552 656 655 115
576 1 0 115 655 659 584
577 1 0 655 235 657 659
578 1 0 659 657 239 658
579 1 0 584 659 658 220
580 1 0 235 652 662 657
581 1 0 652 136 660 662
582 1 0 662 660 237 661
583 1 0 657 662 661 239
584 1 0 239 661 666 665
585 1 0 661 237 663 666
586 1 0 666 663 138 664
587 1 0 665 666 664 238
588 1 0 220 658 668 587
589 1 0 658 239 665 668
590 1 0 668 665 238 667
591 1 0 587 668 667 134
592 1 0 136 644 671 660
593 1 0 644 232 669 671
594 1 0 671 669 241 670
595 1 0 660 671 670 237
596 1 0 232 641 673 669
597 1 0 641 50 51 673
598 1 0 673 51 52 672
599 1 0 669 673 672 241
600 1 0 241 672 676 675
601 1 0 672 52 53 676
602 1 0 676 53 54 674
603 1 0 675 676 674 240
604 1 0 237 670 678 663
605 1 0 670 241 675 678
606 1 0 678 675 240 677
607 1 0 663 678 677 138
608 1 0 138 677 682 681
609 1 0 677 240 679 682
610 1 0 682 679 243 680
611 1 0 681 682 680 242
612 1 0 240 674 684 679
613 1 0 674 54 55 684
614 1 0 684 55 56 683
615 1 0 679 684 683 243
616 1 0 243 683 686 685
617 1 0 683 56 57 686
618 1 0 686 57 2 58
619 1 0 685 686 58 59
620 1 0 242 680 688 687
621 1 0 680 243 685 688
622 1 0 688 685 59 60
623 1 0 687 688 60 61
624 1 0 134 667 691 597
625 1 0 667 238 689 691
626 1 0 691 689 244 690
627 1 0 597 691 690 223
628 1 0 238 664 693 689
629 1 0 664 138 681 693
630 1 0 693 681 242 692
631 1 0 689 693 692 244
632 1 0 244 692 695 694
633 1 0 692 242 687 695
634 1 0 695 687 61 62
635 1 0 694 695 62 63
636 1 0 223 690 696 600
637 1 0 690 244 694 696
638 1 0 696 694 63 64
639 1 0 600 696 64 65
