I = [ 
177 220 203 201 232 233 230 228 228 225 227 213 201 181 162 177 167 168 198 177 145 182 195 199 191 203 202 195 203 195 203 216 208 207 206 221 223 225 229 207 200 203 65 39 36 36 38 32 39 37 39 42 49 199 198 188 178 200 196 197 224 226 208 180 ; ...
164 186 208 229 233 235 234 235 230 229 225 216 213 212 208 206 168 186 194 179 196 205 215 216 220 208 213 213 220 219 219 220 209 213 222 224 224 225 228 222 224 216 68 38 35 37 36 32 35 37 39 38 45 201 225 219 214 220 214 217 226 210 203 174 ; ...
183 231 225 234 234 232 231 231 221 222 219 224 228 227 225 196 208 220 220 223 224 223 225 226 215 223 205 223 220 222 220 220 222 224 225 223 223 225 228 228 229 226 72 39 37 35 38 30 34 34 33 31 37 191 223 221 219 220 226 184 220 224 221 167 ; ...
190 238 233 232 228 225 217 226 211 232 226 218 211 215 201 207 228 226 225 223 208 223 229 222 221 220 211 219 222 222 222 221 224 222 226 224 225 225 228 227 230 222 68 37 37 36 40 32 35 32 31 30 33 175 224 225 227 225 228 226 203 216 191 206 ; ...
194 236 237 237 221 228 213 231 217 220 223 221 205 213 227 228 225 222 225 222 224 225 226 228 227 217 225 224 225 224 226 222 225 224 226 224 225 226 226 228 228 218 64 37 36 37 47 34 34 30 29 31 34 156 221 227 225 229 229 226 222 222 206 194 ; ...
190 235 236 237 226 232 221 225 227 223 208 218 229 229 233 220 214 221 218 228 210 219 222 221 227 225 228 226 226 225 224 224 224 226 226 227 224 226 226 229 231 213 66 39 36 37 53 35 37 33 30 30 32 129 221 223 226 230 226 227 226 218 190 212; ...
192 236 237 231 213 232 230 228 228 230 231 229 232 231 231 231 229 227 229 228 225 228 228 231 229 227 225 225 226 225 222 223 225 226 226 227 226 227 226 227 230 201 58 40 34 35 46 33 35 34 31 30 30 116 217 223 229 226 225 225 213 200 212 217; ...
191 238 238 237 233 219 232 234 231 219 223 229 232 230 229 232 230 230 227 229 230 230 231 231 229 224 224 224 225 225 226 223 225 224 225 225 227 225 229 228 231 186 53 39 34 37 45 33 36 33 31 32 28 110 218 224 225 226 225 214 206 221 197 222; ...
189 238 236 235 233 224 232 231 234 229 215 230 229 230 229 230 228 230 229 228 229 231 231 231 226 227 223 225 226 227 225 225 225 222 224 224 225 226 227 229 233 172 48 36 36 38 43 34 30 30 30 30 30 98 218 224 225 223 223 226 225 222 206 225; ...
189 235 235 236 234 234 232 234 234 220 212 230 228 229 228 229 228 229 227 229 229 230 230 232 224 223 225 225 226 225 225 222 224 224 225 226 224 223 228 230 233 192 54 37 33 36 35 37 30 30 30 29 33 90 219 224 224 222 227 225 227 226 225 225; ...
188 237 235 234 234 234 232 234 231 233 230 230 229 227 224 227 229 229 231 227 227 228 229 227 226 226 224 226 226 225 225 226 224 222 223 225 226 224 227 226 231 208 58 38 32 33 34 30 28 30 25 34 30 76 212 223 225 223 225 224 224 225 224 224; ...
190 240 234 236 233 232 233 233 231 231 233 230 229 227 227 226 228 229 230 230 228 227 227 226 224 224 227 227 223 224 224 224 225 224 224 223 223 224 226 230 229 219 66 37 33 32 33 28 31 27 27 40 31 59 208 220 222 221 224 223 223 223 225 223; ...
190 236 235 234 233 231 231 232 230 231 231 231 226 227 226 229 228 227 227 228 226 228 226 224 225 226 225 226 224 222 223 224 223 223 222 222 224 224 227 228 230 226 68 35 33 35 30 28 28 26 28 47 29 44 202 219 222 225 223 224 224 223 225 223; ...
185 235 235 234 232 230 231 232 231 231 228 225 227 225 227 229 228 230 227 226 225 226 231 225 224 225 223 225 225 226 225 222 225 224 223 227 224 225 224 229 234 224 64 34 31 29 28 27 27 27 26 41 28 34 189 219 223 222 224 224 222 223 225 225; ...
187 235 233 234 232 232 231 233 231 231 230 227 227 225 227 228 228 228 228 224 225 226 229 228 226 225 227 226 227 229 228 223 225 223 223 226 226 225 227 231 234 219 61 33 29 29 26 26 27 27 28 46 28 30 166 219 225 223 223 221 221 223 224 223; ...
208 239 234 235 233 232 234 233 230 231 230 227 228 229 228 229 228 229 230 226 226 227 227 227 225 225 227 228 227 227 227 226 227 226 226 228 231 229 229 228 234 219 57 33 27 27 27 25 25 26 26 36 33 34 149 219 222 223 223 223 224 224 222 222; ...
227 238 237 235 236 233 234 234 233 233 230 228 231 229 227 228 227 226 229 227 228 227 228 229 228 226 231 215 176 147 204 224 226 228 229 230 229 227 229 228 233 216 53 32 27 26 26 24 25 26 28 29 32 34 124 219 223 225 223 225 224 225 220 223; ...
216 239 235 234 234 233 235 234 232 233 230 232 231 229 229 229 226 227 228 225 224 229 228 228 228 224 224 127 47 32 101 217 206 215 227 227 229 227 227 229 234 212 52 29 27 28 24 26 23 25 26 26 32 39 105 216 221 222 226 226 224 223 222 222; ...
220 239 237 234 234 235 232 233 230 232 230 231 227 228 228 230 228 230 227 227 226 226 227 230 212 130 130 76 40 32 52 129 59 97 219 227 227 227 228 228 232 203 52 30 23 25 24 23 24 25 23 24 27 31 101 216 221 223 223 224 224 222 221 223; ...
219 235 237 235 234 232 232 231 232 230 230 230 226 227 228 228 227 229 227 228 226 229 229 219 167 64 46 44 38 29 29 71 39 132 224 227 228 226 228 229 233 180 46 30 25 25 28 24 23 23 25 26 27 26 91 214 222 223 222 224 226 224 224 222; ...
226 229 231 233 232 232 230 231 231 230 230 228 225 228 227 227 228 226 228 228 227 228 209 119 72 85 59 31 26 27 27 77 172 221 227 229 227 228 229 231 233 156 37 28 25 25 33 23 22 23 23 23 34 33 68 211 220 223 225 224 224 223 224 222; ...
132 152 159 222 231 232 231 230 229 228 228 228 227 226 226 229 228 225 227 227 226 202 106 57 45 50 64 31 26 26 27 116 221 225 228 228 228 229 229 230 231 133 34 27 24 24 30 25 23 23 22 22 21 22 56 205 221 222 222 225 224 223 222 222; ...
102 47 111 221 231 230 231 228 229 228 226 227 226 226 224 228 223 220 222 206 170 114 64 46 46 45 62 35 25 27 36 158 221 225 227 227 227 227 228 229 230 101 32 29 24 22 28 23 22 22 22 19 24 20 50 199 219 225 220 221 222 221 223 222; ...
85 56 143 176 215 226 230 228 227 228 225 226 228 228 228 208 163 191 147 89 68 62 52 43 41 43 60 44 24 30 55 177 222 222 226 225 226 227 227 232 229 76 30 25 24 20 26 24 23 22 23 20 26 20 41 183 218 220 224 219 221 218 221 222; ...
82 42 53 90 204 227 230 229 230 228 226 227 230 231 231 147 50 53 52 53 59 51 43 40 42 40 53 44 29 40 68 193 218 221 226 224 225 224 227 230 224 67 29 23 22 19 21 20 21 23 21 21 21 25 29 164 215 220 221 220 220 220 217 219; ...
83 39 51 100 209 228 228 229 227 225 217 229 227 230 230 137 44 48 49 50 48 44 40 39 40 39 39 42 45 29 31 168 209 213 219 223 225 223 226 229 214 55 25 24 24 20 19 21 20 21 22 23 23 23 36 148 214 217 219 222 220 220 216 219; ...
83 43 126 151 161 226 231 227 216 218 214 227 229 230 230 142 46 50 42 43 47 40 37 32 32 37 40 38 60 33 41 161 199 209 220 222 222 217 217 222 200 44 26 21 24 23 20 18 18 19 23 21 20 19 38 114 213 220 219 218 221 220 215 215; ...
94 68 102 94 131 195 223 221 213 215 217 224 227 229 224 133 47 38 40 41 43 36 31 31 32 36 34 32 161 162 171 173 199 209 211 212 219 212 207 220 171 34 24 22 23 22 20 21 19 20 23 21 19 19 25 83 211 219 221 220 219 216 209 207; ...
93 57 65 75 73 142 220 224 207 201 214 212 223 222 215 137 43 36 39 37 34 32 29 33 33 33 27 32 178 196 182 180 202 207 215 209 213 210 204 218 146 32 23 22 21 21 19 18 20 18 20 22 16 21 20 52 199 216 214 215 220 211 202 204; ...
90 61 42 51 89 210 211 214 189 190 205 212 213 212 207 107 37 36 33 35 31 30 30 33 33 36 27 41 169 188 174 181 205 207 203 209 211 208 198 213 123 29 22 20 22 21 18 17 22 19 20 18 17 20 17 26 177 213 210 213 215 210 199 203; ...
119 91 120 121 145 198 195 188 170 189 201 205 206 210 195 66 34 31 35 32 29 28 28 33 40 37 33 72 173 187 174 167 198 207 201 195 213 203 191 209 101 28 24 21 21 21 17 19 20 21 23 19 20 20 19 20 115 210 205 208 210 214 200 198; ...
134 120 102 94 63 155 178 180 184 182 196 190 201 214 188 50 32 29 33 30 27 30 35 38 45 42 36 102 170 175 162 159 199 202 202 196 203 197 191 202 96 25 23 22 20 23 19 17 18 22 20 20 19 19 18 25 55 201 205 203 204 198 199 183];
