p = [ 0.000 0.000
1.000 0.000
1.000 1.000
0.000 1.000
0.500 0.000
1.000 0.500
0.500 1.000
0.000 0.500
0.500 0.500
0.250 0.000
1.000 0.250
0.750 1.000
0.000 0.750
0.750 0.000
1.000 0.750
0.250 1.000
0.000 0.250
0.750 0.750
0.250 0.250
0.750 0.250
0.250 0.750
0.500 0.250
0.750 0.500
0.500 0.750
0.250 0.500
0.125 0.000
1.000 0.125
0.875 1.000
0.000 0.875
0.625 0.000
1.000 0.625
0.375 1.000
0.000 0.375
0.375 0.000
1.000 0.375
0.625 1.000
0.000 0.625
0.875 0.000
1.000 0.875
0.125 1.000
0.000 0.125
0.875 0.875
0.125 0.125
0.875 0.625
0.625 0.875
0.750 0.875
0.875 0.750
0.375 0.125
0.125 0.375
0.250 0.125
0.125 0.250
0.875 0.125
0.625 0.375
0.875 0.250
0.750 0.125
0.125 0.875
0.375 0.625
0.125 0.750
0.250 0.875
0.500 0.125
0.500 0.375
0.625 0.125
0.375 0.250
0.625 0.250
0.875 0.500
0.625 0.500
0.875 0.375
0.750 0.625
0.750 0.375
0.500 0.875
0.500 0.625
0.375 0.875
0.625 0.750
0.375 0.750
0.625 0.625
0.125 0.500
0.375 0.500
0.125 0.625
0.250 0.375
0.250 0.625
0.375 0.375
0.062 0.000
1.000 0.062
0.938 1.000
0.000 0.938
0.562 0.000
1.000 0.562
0.438 1.000
0.000 0.438
0.312 0.000
1.000 0.312
0.688 1.000
0.000 0.688
0.812 0.000
1.000 0.812
0.188 1.000
0.000 0.188
0.188 0.000
1.000 0.188
0.812 1.000
0.000 0.812
0.688 0.000
1.000 0.688
0.312 1.000
0.000 0.312
0.438 0.000
1.000 0.438
0.562 1.000
0.000 0.562
0.938 0.000
1.000 0.938
0.062 1.000
0.000 0.062
0.938 0.938
0.062 0.062
0.812 0.938
0.938 0.812
0.875 0.938
0.938 0.875
0.188 0.062
0.062 0.188
0.125 0.062
0.062 0.125
0.938 0.562
0.812 0.688
0.938 0.625
0.562 0.938
0.688 0.812
0.625 0.938
0.750 0.938
0.750 0.812
0.688 0.938
0.812 0.875
0.688 0.875
0.938 0.750
0.812 0.750
0.938 0.688
0.875 0.812
0.875 0.688
0.812 0.812
0.438 0.062
0.312 0.188
0.375 0.062
0.062 0.438
0.188 0.312
0.062 0.375
0.250 0.062
0.250 0.188
0.312 0.062
0.188 0.125
0.312 0.125
0.062 0.250
0.188 0.250
0.062 0.312
0.125 0.188
0.125 0.312
0.188 0.188
0.938 0.062
0.812 0.188
0.938 0.125
0.875 0.062
0.562 0.438
0.688 0.312
0.938 0.250
0.812 0.250
0.938 0.188
0.875 0.188
0.750 0.062
0.750 0.188
0.812 0.062
0.812 0.125
0.062 0.938
0.188 0.812
0.062 0.875
0.125 0.938
0.438 0.562
0.312 0.688
0.062 0.750
0.188 0.750
0.062 0.812
0.125 0.812
0.250 0.938
0.250 0.812
0.188 0.938
0.188 0.875
0.500 0.062
0.500 0.188
0.562 0.062
0.438 0.125
0.500 0.438
0.500 0.312
0.562 0.375
0.688 0.062
0.562 0.188
0.625 0.062
0.688 0.125
0.562 0.125
0.312 0.250
0.438 0.250
0.375 0.188
0.438 0.188
0.688 0.250
0.562 0.250
0.625 0.312
0.688 0.188
0.562 0.312
0.625 0.188
0.938 0.500
0.812 0.500
0.938 0.438
0.875 0.562
0.562 0.500
0.688 0.500
0.625 0.438
0.938 0.312
0.812 0.438
0.938 0.375
0.875 0.312
0.875 0.438
0.750 0.688
0.750 0.562
0.812 0.625
0.812 0.562
0.750 0.312
0.750 0.438
0.688 0.375
0.812 0.312
0.688 0.438
0.812 0.375
0.500 0.938
0.500 0.812
0.438 0.938
0.562 0.875
0.500 0.562
0.500 0.688
0.438 0.625
0.562 0.562
0.312 0.938
0.438 0.812
0.375 0.938
0.312 0.875
0.438 0.875
0.688 0.750
0.562 0.750
0.625 0.812
0.688 0.688
0.562 0.812
0.312 0.750
0.438 0.750
0.375 0.688
0.312 0.812
0.438 0.688
0.375 0.812
0.688 0.562
0.562 0.688
0.625 0.562
0.688 0.625
0.562 0.625
0.625 0.688
0.062 0.500
0.188 0.500
0.062 0.562
0.125 0.438
0.438 0.500
0.312 0.500
0.375 0.562
0.438 0.438
0.062 0.688
0.188 0.562
0.062 0.625
0.125 0.688
0.125 0.562
0.250 0.312
0.250 0.438
0.188 0.375
0.312 0.312
0.188 0.438
0.250 0.688
0.250 0.562
0.312 0.625
0.188 0.688
0.312 0.562
0.188 0.625
0.438 0.312
0.312 0.438
0.438 0.375
0.375 0.312
0.375 0.438
0.312 0.375]';
e = [ 1 82 0.000 0.062 1.000 1 0
2 83 0.000 0.062 2.000 1 0
3 84 0.000 0.062 3.000 1 0
4 85 0.000 0.062 4.000 1 0
5 86 0.500 0.562 1.000 1 0
6 87 0.500 0.562 2.000 1 0
7 88 0.500 0.562 3.000 1 0
8 89 0.500 0.562 4.000 1 0
10 90 0.250 0.312 1.000 1 0
11 91 0.250 0.312 2.000 1 0
12 92 0.250 0.312 3.000 1 0
13 93 0.250 0.312 4.000 1 0
14 94 0.750 0.812 1.000 1 0
15 95 0.750 0.812 2.000 1 0
16 96 0.750 0.812 3.000 1 0
17 97 0.750 0.812 4.000 1 0
26 98 0.125 0.188 1.000 1 0
27 99 0.125 0.188 2.000 1 0
28 100 0.125 0.188 3.000 1 0
29 101 0.125 0.188 4.000 1 0
30 102 0.625 0.688 1.000 1 0
31 103 0.625 0.688 2.000 1 0
32 104 0.625 0.688 3.000 1 0
33 105 0.625 0.688 4.000 1 0
34 106 0.375 0.438 1.000 1 0
35 107 0.375 0.438 2.000 1 0
36 108 0.375 0.438 3.000 1 0
37 109 0.375 0.438 4.000 1 0
38 110 0.875 0.938 1.000 1 0
39 111 0.875 0.938 2.000 1 0
40 112 0.875 0.938 3.000 1 0
41 113 0.875 0.938 4.000 1 0
82 26 0.062 0.125 1.000 1 0
83 27 0.062 0.125 2.000 1 0
84 28 0.062 0.125 3.000 1 0
85 29 0.062 0.125 4.000 1 0
86 30 0.562 0.625 1.000 1 0
87 31 0.562 0.625 2.000 1 0
88 32 0.562 0.625 3.000 1 0
89 33 0.562 0.625 4.000 1 0
90 34 0.312 0.375 1.000 1 0
91 35 0.312 0.375 2.000 1 0
92 36 0.312 0.375 3.000 1 0
93 37 0.312 0.375 4.000 1 0
94 38 0.812 0.875 1.000 1 0
95 39 0.812 0.875 2.000 1 0
96 40 0.812 0.875 3.000 1 0
97 41 0.812 0.875 4.000 1 0
98 10 0.188 0.250 1.000 1 0
99 11 0.188 0.250 2.000 1 0
100 12 0.188 0.250 3.000 1 0
101 13 0.188 0.250 4.000 1 0
102 14 0.688 0.750 1.000 1 0
103 15 0.688 0.750 2.000 1 0
104 16 0.688 0.750 3.000 1 0
105 17 0.688 0.750 4.000 1 0
106 5 0.438 0.500 1.000 1 0
107 6 0.438 0.500 2.000 1 0
108 7 0.438 0.500 3.000 1 0
109 8 0.438 0.500 4.000 1 0
110 2 0.938 1.000 1.000 1 0
111 3 0.938 1.000 2.000 1 0
112 4 0.938 1.000 3.000 1 0
113 1 0.938 1.000 4.000 1 0]';
