function [p,e,t] = bsp02
p = [0  0.1  0.1  0;
     0    0  0.15  0.15];
t = [1  2; 2  3; 4  4];  
e = [...
     1     2     3     4;
     2     3     4     1;
     0     0     0     0;
     1     1     1     1;
     1     2     3     4];
 p = 10*p;