"wind" <-
structure(list(v = c(5, 6, 3.4, 2.7, 10, 9.7, 9.55, 3.05, 8.15, 
6.2, 2.9, 6.35, 4.6, 5.8, 7.4, 3.6, 7.85, 8.8, 7, 5.45, 9.1, 
10.2, 4.1, 3.95, 2.45), DC = c(1.582, 1.822, 1.057, 0.5, 2.236, 
2.386, 2.294, 0.558, 2.166, 1.866, 0.653, 1.93, 1.562, 1.737, 
2.088, 1.137, 2.179, 2.112, 1.8, 1.501, 2.303, 2.31, 1.194, 1.144, 
0.123)), .Names = c("v", "DC"), row.names = c("1", "2", "3", 
"4", "5", "6", "7", "8", "9", "10", "11", "12", "13", "14", "15", 
"16", "17", "18", "19", "20", "21", "22", "23", "24", "25"), class = "data.frame")
